1579398079019 0.494 1
1579398079034 0.501 2
1579398079049 0.492 3
1579398079063 0.503 4
1579398079080 0.529 5
1579398079103 0.509 6
1579398079124 0.525 7
1579398079147 0.541 8
1579398079164 0.511 9
1579398079184 0.552 10
1579398079201 0.487 11
1579398079219 0.524 12
1579398079231 0.537 13
1579398079243 0.505 14
1579398079256 0.547 15
1579398079268 0.567 16
1579398079281 0.53 17
1579398079293 0.547 18
1579398079305 0.489 19
1579398079317 0.527 20
1579398079329 0.546 21
1579398079341 0.556 22
1579398079353 0.546 23
1579398079365 0.506 24
1579398079377 0.579 25
1579398079389 0.576 26
1579398079401 0.535 27
1579398079412 0.555 28
1579398079424 0.523 29
1579398079436 0.53 30
1579398079448 0.536 31
1579398079460 0.534 32
1579398079473 0.564 33
1579398079488 0.558 34
1579398079500 0.557 35
1579398079512 0.539 36
1579398079524 0.533 37
1579398079537 0.553 38
1579398079549 0.532 39
1579398079562 0.58 40
