1579398080648 0.37658465 1
1579398080661 0.3605596 2
1579398080674 0.4688406 3
1579398080687 0.56895703 4
1579398080703 0.4604292 5
1579398080718 0.34396115 6
1579398080735 0.448499 7
1579398080750 0.5582511 8
1579398080765 0.5445089 9
1579398080778 0.57870007 10
1579398080791 0.45862505 11
1579398080804 0.653933 12
1579398080816 0.6615844 13
1579398080829 0.43636128 14
1579398080841 0.59066826 15
1579398080854 0.53485763 16
1579398080867 0.6564538 17
1579398080880 0.5214304 18
1579398080893 0.4595169 19
1579398080906 0.68076324 20
1579398080919 0.5071407 21
1579398080931 0.60448146 22
1579398080943 0.5783896 23
1579398080956 0.43338227 24
1579398080968 0.63454276 25
1579398080980 0.61521935 26
1579398080994 0.5408228 27
1579398081007 0.62298816 28
1579398081020 0.582684 29
1579398081033 0.5969822 30
1579398081045 0.51867485 31
1579398081057 0.46763694 32
1579398081070 0.5808418 33
1579398081082 0.572094 34
1579398081094 0.5598351 35
1579398081108 0.58075696 36
1579398081121 0.4897336 37
1579398081134 0.6216027 38
1579398081148 0.5014986 39
1579398081162 0.6652722 40
