1579398080076 0.333769 1
1579398080089 0.5395399 2
1579398080102 0.5947648 3
1579398080114 0.5132038 4
1579398080126 0.4879677 5
1579398080138 0.5748895 6
1579398080150 0.5295391 7
1579398080164 0.5328041 8
1579398080176 0.5717015 9
1579398080188 0.5746018 10
1579398080206 0.532005 11
1579398080227 0.51459485 12
1579398080247 0.6094001 13
1579398080267 0.54600596 14
1579398080290 0.5035054 15
1579398080311 0.5836785 16
1579398080330 0.53174967 17
1579398080349 0.5604295 18
1579398080367 0.5867347 19
1579398080382 0.52199715 20
1579398080397 0.5584383 21
1579398080410 0.52035934 22
1579398080422 0.54722285 23
1579398080435 0.60448027 24
1579398080447 0.60876495 25
1579398080460 0.6232797 26
1579398080473 0.5282045 27
1579398080485 0.5180829 28
1579398080498 0.5664843 29
1579398080512 0.53408724 30
1579398080525 0.48437524 31
1579398080537 0.5844012 32
1579398080549 0.5709786 33
1579398080561 0.68294126 34
1579398080573 0.57583725 35
1579398080586 0.53186435 36
1579398080598 0.5886244 37
1579398080610 0.59465605 38
1579398080624 0.55771583 39
1579398080636 0.58375853 40
