1579398079575 0.47210884 1
1579398079587 0.35881928 2
1579398079599 0.45382437 3
1579398079611 0.7000737 4
1579398079624 0.49093843 5
1579398079637 0.32946804 6
1579398079650 0.42467976 7
1579398079663 0.6126885 8
1579398079675 0.6199197 9
1579398079687 0.6355016 10
1579398079703 0.6210094 11
1579398079717 0.90119606 12
1579398079731 0.7412236 13
1579398079743 0.5445122 14
1579398079755 0.72416073 15
1579398079768 0.5167596 16
1579398079780 0.8628841 17
1579398079793 0.6232942 18
1579398079805 0.6603821 19
1579398079817 0.9785363 20
1579398079829 0.61702055 21
1579398079841 0.7222088 22
1579398079854 0.6498315 23
1579398079866 0.5385173 24
1579398079878 0.6798098 25
1579398079891 0.6255577 26
1579398079903 0.70733976 27
1579398079916 0.78538865 28
1579398079928 0.70115256 29
1579398079940 0.70957285 30
1579398079953 0.6191272 31
1579398079965 0.465984 32
1579398079977 0.6441899 33
1579398079990 0.56638134 34
1579398080003 0.6536961 35
1579398080015 0.6738556 36
1579398080027 0.50126755 37
1579398080040 0.6578875 38
1579398080052 0.62171316 39
1579398080064 0.7820905 40
