1579419875928 0.7205056 1
1579419875943 0.79634833 2
1579419875957 0.7977528 3
1579419875971 0.8103933 4
1579419875986 0.8244382 5
1579419876000 0.8216292 6
1579419876016 0.8202247 7
1579419876030 0.8272472 8
1579419876044 0.82865167 9
1579419876059 0.8174157 10
1579419876079 0.8272472 11
1579419876099 0.8244382 12
1579419876124 0.83848315 13
1579419876144 0.8328652 14
1579419876165 0.83567417 15
1579419876182 0.8272472 16
1579419876204 0.83707863 17
1579419876231 0.83848315 18
1579419876256 0.8469101 19
1579419876282 0.8426966 20
1579419876307 0.83707863 21
1579419876330 0.83707863 22
1579419876350 0.84410113 23
1579419876371 0.8483146 24
1579419876388 0.8398876 25
1579419876405 0.84129214 26
1579419876422 0.8398876 27
1579419876437 0.8469101 28
1579419876451 0.8511236 29
1579419876465 0.8426966 30
1579419876479 0.8525281 31
1579419876495 0.8511236 32
1579419876514 0.8455056 33
1579419876537 0.8455056 34
1579419876560 0.8328652 35
1579419876582 0.84410113 36
1579419876605 0.8581461 37
1579419876634 0.84129214 38
1579419876661 0.8497191 39
1579419876689 0.84410113 40
