1579419878100 0.5239111 1
1579419878118 0.6921947 2
1579419878138 0.69322884 3
1579419878156 0.71703535 4
1579419878173 0.74586993 5
1579419878189 0.7419489 6
1579419878204 0.7245809 7
1579419878219 0.7496115 8
1579419878234 0.74142164 9
1579419878249 0.7312693 10
1579419878263 0.74497104 11
1579419878278 0.73608845 12
1579419878293 0.7664888 13
1579419878308 0.74482346 14
1579419878323 0.7606605 15
1579419878338 0.7483727 16
1579419878352 0.7688103 17
1579419878367 0.7616572 18
1579419878382 0.77030027 19
1579419878397 0.75773937 20
1579419878412 0.7547169 21
1579419878427 0.76024145 22
1579419878442 0.774254 23
1579419878457 0.7728695 24
1579419878472 0.7658581 25
1579419878486 0.7613459 26
1579419878502 0.7654059 27
1579419878516 0.783123 28
1579419878534 0.7769402 29
1579419878550 0.78117687 30
1579419878565 0.7776059 31
1579419878579 0.7756175 32
1579419878595 0.7668225 33
1579419878613 0.7816265 34
1579419878636 0.75794846 35
1579419878673 0.771462 36
1579419878701 0.7880485 37
1579419878733 0.7660682 38
1579419878757 0.78130203 39
1579419878785 0.776789 40
