1579419877381 0.8005697 1
1579419877396 0.795885 2
1579419877410 0.7746714 3
1579419877425 0.78050876 4
1579419877441 0.83549064 5
1579419877455 0.82251644 6
1579419877470 0.8247155 7
1579419877484 0.82591283 8
1579419877500 0.8133971 9
1579419877517 0.80387276 10
1579419877534 0.8144962 11
1579419877549 0.8147331 12
1579419877564 0.84011775 13
1579419877587 0.83492535 14
1579419877614 0.8425036 15
1579419877639 0.82052624 16
1579419877667 0.8300129 17
1579419877694 0.82768154 18
1579419877714 0.8402586 19
1579419877732 0.8430014 20
1579419877749 0.83032715 21
1579419877766 0.836408 22
1579419877781 0.8518976 23
1579419877796 0.84707314 24
1579419877811 0.8494083 25
1579419877826 0.85231245 26
1579419877840 0.84195775 27
1579419877854 0.8628499 28
1579419877869 0.8600523 29
1579419877883 0.8580426 30
1579419877899 0.8618218 31
1579419877915 0.8795214 32
1579419877930 0.85055315 33
1579419877945 0.86229014 34
1579419877960 0.8447474 35
1579419877980 0.8465597 36
1579419878006 0.8641775 37
1579419878031 0.85689634 38
1579419878054 0.8552417 39
1579419878078 0.84803504 40
