1579419876712 0.4488985 1
1579419876736 0.6402453 2
1579419876760 0.65376496 3
1579419876778 0.6758347 4
1579419876800 0.70329124 5
1579419876818 0.7098758 6
1579419876835 0.6727682 7
1579419876850 0.7059141 8
1579419876865 0.6970192 9
1579419876879 0.6945219 10
1579419876894 0.7166363 11
1579419876909 0.6867203 12
1579419876928 0.7252079 13
1579419876946 0.7028253 14
1579419876966 0.71057326 15
1579419876984 0.7132641 16
1579419877003 0.74299604 17
1579419877020 0.7313601 18
1579419877037 0.72708505 19
1579419877052 0.7103248 20
1579419877068 0.71649265 21
1579419877082 0.717436 22
1579419877097 0.7350289 23
1579419877112 0.73342603 24
1579419877133 0.72397476 25
1579419877152 0.7043363 26
1579419877170 0.7276484 27
1579419877187 0.7368913 28
1579419877202 0.74217033 29
1579419877219 0.7477925 30
1579419877237 0.7252193 31
1579419877251 0.72215855 32
1579419877266 0.72740597 33
1579419877280 0.7353159 34
1579419877294 0.7151173 35
1579419877309 0.72646827 36
1579419877324 0.75288284 37
1579419877338 0.71731734 38
1579419877353 0.7428553 39
1579419877367 0.733949 40
