1579419819446 0.5266854 1
1579419819460 0.47191012 2
1579419819474 0.6446629 3
1579419819488 0.67134833 4
1579419819502 0.7050562 5
1579419819516 0.7176966 6
1579419819529 0.75 7
1579419819543 0.76544946 8
1579419819558 0.7598315 9
1579419819572 0.77106744 10
1579419819588 0.7485955 11
1579419819608 0.78089887 12
1579419819625 0.8174157 13
1579419819640 0.78089887 14
1579419819654 0.71067417 15
1579419819668 0.80617976 16
1579419819684 0.8202247 17
1579419819700 0.8300562 18
1579419819714 0.7949438 19
1579419819728 0.75 20
1579419819743 0.77106744 21
1579419819759 0.8258427 22
1579419819773 0.8244382 23
1579419819787 0.7668539 24
1579419819801 0.7766854 25
1579419819815 0.8328652 26
1579419819835 0.83707863 27
1579419819851 0.8103933 28
1579419819868 0.6924157 29
1579419819885 0.82865167 30
1579419819901 0.8300562 31
1579419819917 0.83848315 32
1579419819932 0.8258427 33
1579419819949 0.81601125 34
1579419819966 0.7429775 35
1579419819980 0.8174157 36
1579419819995 0.8328652 37
1579419820010 0.8230337 38
1579419820025 0.8005618 39
1579419820040 0.81179774 40
1579419820054 0.83146065 41
1579419820069 0.8300562 42
1579419820084 0.78932583 43
