1579419821440 0.24523807 1
1579419821458 0.27090907 2
1579419821476 0.18130454 3
1579419821492 0.29056886 4
1579419821509 0.43496376 5
1579419821526 0.4779477 6
1579419821540 0.5544699 7
1579419821556 0.6268958 8
1579419821571 0.5879241 9
1579419821587 0.6207453 10
1579419821602 0.6125998 11
1579419821617 0.6623563 12
1579419821634 0.74039406 13
1579419821657 0.65997565 14
1579419821683 0.5776003 15
1579419821709 0.69773394 16
1579419821733 0.74630785 17
1579419821757 0.75657 18
1579419821785 0.69939524 19
1579419821808 0.59253466 20
1579419821837 0.7243686 21
1579419821873 0.75639707 22
1579419821909 0.757668 23
1579419821938 0.6696161 24
1579419821972 0.6224074 25
1579419822000 0.76233166 26
1579419822028 0.7747222 27
1579419822048 0.7086661 28
1579419822067 0.62820506 29
1579419822084 0.7577066 30
1579419822100 0.75991166 31
1579419822115 0.77584386 32
1579419822129 0.75766647 33
1579419822145 0.7549759 34
1579419822160 0.59532416 35
1579419822176 0.7340144 36
1579419822191 0.75987846 37
1579419822206 0.7467532 38
1579419822221 0.6993667 39
1579419822235 0.74257576 40
1579419822250 0.766273 41
1579419822264 0.758307 42
1579419822279 0.68272847 43
