1579419820757 0.19074073 1
1579419820772 0.18578553 2
1579419820787 0.79220784 3
1579419820802 0.8544974 4
1579419820818 0.8275641 5
1579419820838 0.8486842 6
1579419820856 0.8148967 7
1579419820874 0.8114509 8
1579419820892 0.827193 9
1579419820908 0.82439774 10
1579419820924 0.78534573 11
1579419820941 0.7906836 12
1579419820956 0.82807386 13
1579419820970 0.8125 14
1579419820986 0.7685919 15
1579419821001 0.82208717 16
1579419821016 0.8028538 17
1579419821031 0.8329687 18
1579419821046 0.8203906 19
1579419821061 0.83235294 20
1579419821076 0.71365386 21
1579419821092 0.81685793 22
1579419821107 0.80877197 23
1579419821122 0.76538336 24
1579419821137 0.8478664 25
1579419821151 0.8211621 26
1579419821167 0.82896966 27
1579419821181 0.8352212 28
1579419821196 0.7218623 29
1579419821212 0.8405335 30
1579419821227 0.82942677 31
1579419821243 0.8349881 32
1579419821258 0.81910896 33
1579419821273 0.7798284 34
1579419821288 0.7833333 35
1579419821303 0.83984584 36
1579419821321 0.8404518 37
1579419821340 0.8293473 38
1579419821358 0.8336023 39
1579419821377 0.7997978 40
1579419821392 0.82086897 41
1579419821407 0.83477515 42
1579419821422 0.79293025 43
