1579419820099 0.34333333 1
1579419820114 0.5 2
1579419820128 0.102460355 3
1579419820143 0.17557105 4
1579419820158 0.29771096 5
1579419820174 0.33653846 6
1579419820192 0.43926662 7
1579419820209 0.539343 8
1579419820226 0.49651423 9
1579419820243 0.5576776 10
1579419820261 0.57164735 11
1579419820277 0.607237 12
1579419820291 0.6739768 13
1579419820306 0.58426726 14
1579419820322 0.568985 15
1579419820339 0.61624205 16
1579419820356 0.6972052 17
1579419820370 0.69348645 18
1579419820385 0.62981856 19
1579419820400 0.5405296 20
1579419820415 0.7525555 21
1579419820430 0.7043193 22
1579419820445 0.71469605 23
1579419820459 0.6487777 24
1579419820474 0.5481218 25
1579419820489 0.7119738 26
1579419820503 0.72725546 27
1579419820519 0.6320325 28
1579419820533 0.6615385 29
1579419820548 0.6899835 30
1579419820563 0.70138276 31
1579419820579 0.7253464 32
1579419820594 0.7055221 33
1579419820609 0.7482139 34
1579419820624 0.5235052 35
1579419820639 0.66421545 36
1579419820653 0.69373786 37
1579419820667 0.68197274 38
1579419820683 0.6197649 39
1579419820698 0.69930863 40
1579419820713 0.7184874 41
1579419820727 0.69815683 42
1579419820742 0.6298441 43
