1579415534125 0.5646067 1
1579415534141 0.5224719 2
1579415534156 0.57865167 3
1579415534173 0.68679774 4
1579415534195 0.69382024 5
1579415534219 0.747191 6
1579415534245 0.7598315 7
1579415534271 0.75 8
1579415534291 0.7724719 9
1579415534307 0.7921348 10
1579415534323 0.7780899 11
1579415534339 0.79353935 12
1579415534356 0.80617976 13
1579415534371 0.78932583 14
1579415534385 0.8019663 15
1579415534399 0.7977528 16
1579415534412 0.7949438 17
1579415534426 0.8033708 18
1579415534440 0.8202247 19
1579415534453 0.76123595 20
1579415534467 0.76123595 21
1579415534480 0.78792137 22
1579415534493 0.8230337 23
1579415534506 0.79073036 24
1579415534520 0.8047753 25
1579415534533 0.79634833 26
1579415534546 0.8230337 27
1579415534559 0.78370786 28
1579415534573 0.79353935 29
1579415534586 0.79073036 30
1579415534600 0.81179774 31
1579415534614 0.80617976 32
1579415534627 0.83146065 33
1579415534640 0.79073036 34
1579415534654 0.81179774 35
1579415534667 0.8272472 36
1579415534680 0.7921348 37
1579415534693 0.8005618 38
1579415534706 0.78370786 39
1579415534719 0.8216292 40
