1579415535890 0.27146745 1
1579415535904 0.22711533 2
1579415535917 0.41592017 3
1579415535931 0.49315438 4
1579415535944 0.5682531 5
1579415535958 0.6247471 6
1579415535972 0.64516205 7
1579415535986 0.6000409 8
1579415536000 0.6908808 9
1579415536014 0.6958742 10
1579415536028 0.640406 11
1579415536042 0.7183811 12
1579415536055 0.72318196 13
1579415536069 0.709598 14
1579415536083 0.71257114 15
1579415536097 0.7151478 16
1579415536111 0.6937322 17
1579415536125 0.7250115 18
1579415536139 0.7379904 19
1579415536153 0.65166813 20
1579415536167 0.5973765 21
1579415536181 0.6828017 22
1579415536195 0.75592774 23
1579415536209 0.6801842 24
1579415536223 0.7261031 25
1579415536236 0.68549734 26
1579415536250 0.747979 27
1579415536264 0.6713984 28
1579415536279 0.6917105 29
1579415536295 0.69435996 30
1579415536309 0.7191115 31
1579415536322 0.721754 32
1579415536336 0.75759655 33
1579415536349 0.6896813 34
1579415536363 0.72098684 35
1579415536377 0.7548575 36
1579415536390 0.6766018 37
1579415536405 0.7168133 38
1579415536419 0.65253025 39
1579415536433 0.7475801 40
