1579415535273 0.5211105 1
1579415535293 0.2675484 2
1579415535316 0.5783183 3
1579415535339 0.65423137 4
1579415535361 0.6323093 5
1579415535384 0.717519 6
1579415535406 0.7490056 7
1579415535426 0.8034086 8
1579415535442 0.7297657 9
1579415535458 0.7880369 10
1579415535474 0.8055026 11
1579415535488 0.7406967 12
1579415535501 0.8015606 13
1579415535516 0.7882517 14
1579415535533 0.79332596 15
1579415535547 0.79045874 16
1579415535560 0.81137514 17
1579415535573 0.7930339 18
1579415535586 0.811055 19
1579415535601 0.75609404 20
1579415535614 0.8547265 21
1579415535628 0.79488784 22
1579415535642 0.834657 23
1579415535656 0.78938985 24
1579415535671 0.78199345 25
1579415535685 0.79912084 26
1579415535698 0.8187728 27
1579415535712 0.79532367 28
1579415535725 0.82278776 29
1579415535739 0.81179833 30
1579415535753 0.81705123 31
1579415535766 0.8178274 32
1579415535780 0.82785434 33
1579415535794 0.81529945 34
1579415535808 0.8449869 35
1579415535822 0.8194053 36
1579415535835 0.8598539 37
1579415535849 0.78609014 38
1579415535863 0.81717604 39
1579415535876 0.8230832 40
