1579415534734 0.38414106 1
1579415534749 0.33796299 2
1579415534762 0.49387613 3
1579415534776 0.39962804 4
1579415534791 0.55317235 5
1579415534805 0.558831 6
1579415534818 0.58050144 7
1579415534831 0.53529793 8
1579415534844 0.6834733 9
1579415534857 0.6364742 10
1579415534871 0.57185715 11
1579415534885 0.69866854 12
1579415534898 0.6607776 13
1579415534911 0.66150075 14
1579415534925 0.65061957 15
1579415534938 0.6717496 16
1579415534951 0.6108353 17
1579415534965 0.679352 18
1579415534979 0.6828136 19
1579415534993 0.6121898 20
1579415535006 0.5151753 21
1579415535020 0.60217196 22
1579415535033 0.69806725 23
1579415535047 0.616007 24
1579415535061 0.69401884 25
1579415535074 0.6063383 26
1579415535087 0.69028854 27
1579415535101 0.6096862 28
1579415535114 0.59915715 29
1579415535128 0.6342457 30
1579415535141 0.6519839 31
1579415535154 0.6608372 32
1579415535169 0.701258 33
1579415535182 0.63620186 34
1579415535195 0.6477776 35
1579415535208 0.7064392 36
1579415535221 0.5790492 37
1579415535234 0.6675043 38
1579415535247 0.5608713 39
1579415535260 0.6866777 40
