1579415578234 0.49157304 1
1579415578257 0.64325845 2
1579415578280 0.67134833 3
1579415578304 0.70926964 4
1579415578334 0.71067417 5
1579415578355 0.7429775 6
1579415578372 0.7794944 7
1579415578388 0.76123595 8
1579415578404 0.78651685 9
1579415578420 0.7991573 10
1579415578434 0.80617976 11
1579415578447 0.8146067 12
1579415578461 0.80617976 13
1579415578475 0.7696629 14
1579415578488 0.8075843 15
1579415578502 0.81601125 16
1579415578517 0.8075843 17
1579415578531 0.8033708 18
1579415578545 0.7626405 19
1579415578558 0.79073036 20
1579415578572 0.80898875 21
1579415578585 0.81601125 22
1579415578598 0.81601125 23
1579415578612 0.8202247 24
1579415578625 0.8244382 25
1579415578638 0.7752809 26
