1579415579373 0.38229814 1
1579415579397 0.19661255 2
1579415579423 0.36223266 3
1579415579449 0.49439752 4
1579415579472 0.4921528 5
1579415579491 0.59827214 6
1579415579507 0.6892936 7
1579415579524 0.60785496 8
1579415579541 0.712249 9
1579415579554 0.68459207 10
1579415579568 0.729434 11
1579415579582 0.72913164 12
1579415579596 0.73691607 13
1579415579609 0.65474975 14
1579415579623 0.73880845 15
1579415579636 0.7309473 16
1579415579651 0.7205139 17
1579415579666 0.7266726 18
1579415579680 0.70320505 19
1579415579694 0.66118544 20
1579415579707 0.7192743 21
1579415579721 0.74778086 22
1579415579737 0.73147756 23
1579415579751 0.7472983 24
1579415579765 0.7500151 25
1579415579779 0.692848 26
