1579415579008 0.26863098 1
1579415579022 0.5071896 2
1579415579035 0.7864407 3
1579415579049 0.73561186 4
1579415579062 0.7756169 5
1579415579076 0.75434667 6
1579415579089 0.75010663 7
1579415579104 0.813651 8
1579415579117 0.7574435 9
1579415579131 0.847405 10
1579415579144 0.7851248 11
1579415579157 0.8305145 12
1579415579171 0.7700123 13
1579415579184 0.78692013 14
1579415579197 0.7687469 15
1579415579212 0.8308852 16
1579415579226 0.8073929 17
1579415579241 0.7750785 18
1579415579254 0.74641085 19
1579415579267 0.8644944 20
1579415579280 0.8259894 21
1579415579294 0.79162645 22
1579415579308 0.81967014 23
1579415579322 0.8215521 24
1579415579335 0.8206074 25
1579415579352 0.756702 26
