1579415578652 0.6634615 1
1579415578666 0.12680757 2
1579415578679 0.25299454 3
1579415578693 0.37417182 4
1579415578706 0.39884484 5
1579415578719 0.53920895 6
1579415578734 0.6417204 7
1579415578747 0.5260686 8
1579415578761 0.7000819 9
1579415578774 0.59248084 10
1579415578788 0.6837612 11
1579415578802 0.6545258 12
1579415578815 0.70759124 13
1579415578828 0.5974065 14
1579415578842 0.7139972 15
1579415578856 0.66442174 16
1579415578870 0.6505454 17
1579415578884 0.68438274 18
1579415578897 0.71136683 19
1579415578910 0.5620158 20
1579415578924 0.6444763 21
1579415578938 0.7085827 22
1579415578952 0.6606014 23
1579415578966 0.69087744 24
1579415578980 0.69071704 25
1579415578993 0.678597 26
