1605143973965 0.41292134831460675 1
1605143973979 0.5435393258426966 2
1605143973992 0.6039325842696629 3
1605143974005 0.6123595505617978 4
1605143974019 0.6390449438202247 5
1605143974032 0.6320224719101124 6
1605143974045 0.6376404494382022 7
1605143974059 0.6446629213483146 8
1605143974076 0.6404494382022472 9
1605143974090 0.6404494382022472 10
1605143974103 0.651685393258427 11
1605143974117 0.648876404494382 12
1605143974131 0.648876404494382 13
1605143974145 0.6573033707865169 14
1605143974160 0.648876404494382 15
1605143974177 0.6615168539325843 16
1605143974193 0.6685393258426966 17
1605143974209 0.6811797752808989 18
1605143974225 0.6882022471910112 19
1605143974241 0.6910112359550562 20
1605143974256 0.6896067415730337 21
1605143974274 0.6938202247191011 22
1605143974289 0.7036516853932584 23
1605143974305 0.699438202247191 24
1605143974321 0.7134831460674157 25
1605143974338 0.7148876404494382 26
1605143974354 0.7134831460674157 27
1605143974369 0.7120786516853933 28
1605143974387 0.7120786516853933 29
1605143974403 0.7148876404494382 30
1605143974419 0.7247191011235955 31
1605143974436 0.7247191011235955 32
1605143974451 0.723314606741573 33
1605143974467 0.7303370786516854 34
1605143974485 0.7345505617977528 35
1605143974501 0.7275280898876404 36
1605143974517 0.7275280898876404 37
1605143974533 0.7359550561797753 38
1605143974549 0.7317415730337079 39
1605143974565 0.7359550561797753 40
1605143974581 0.7331460674157303 41
1605143974597 0.7401685393258427 42
1605143974613 0.7415730337078652 43
1605143974631 0.7401685393258427 44
1605143974648 0.75 45
1605143974664 0.7457865168539326 46
1605143974682 0.7387640449438202 47
1605143974698 0.7415730337078652 48
1605143974714 0.7443820224719101 49
1605143974731 0.7415730337078652 50
