1605143976296 0.49543068114291416 1
1605143976314 0.45713408140653977 2
1605143976331 0.37018909782506104 3
1605143976348 0.25401652093683735 4
1605143976365 0.1953389604439896 5
1605143976382 0.12025301643971646 6
1605143976399 0.13692435588729515 7
1605143976416 0.16283111023099234 8
1605143976430 0.11530950230159116 9
1605143976446 0.1411942554993576 10
1605143976460 0.1669922735583916 11
1605143976474 0.1732581298003036 12
1605143976489 0.17583933037318542 13
1605143976503 0.20426546991541145 14
1605143976517 0.18286157658930574 15
1605143976533 0.22117056069749125 16
1605143976547 0.24620415688900466 17
1605143976564 0.30773518326577176 18
1605143976581 0.3511409109897828 19
1605143976596 0.35326474570156485 20
1605143976611 0.3546011622032423 21
1605143976626 0.3666156938906466 22
1605143976640 0.4017593994569243 23
1605143976655 0.3901298062854938 24
1605143976669 0.431265591235643 25
1605143976684 0.4349561514479391 26
1605143976699 0.4288128346539615 27
1605143976713 0.45087267240781465 28
1605143976727 0.42575145169590295 29
1605143976741 0.4497329954350932 30
1605143976755 0.46923598278774303 31
1605143976770 0.4806959843367673 32
1605143976786 0.481490299273073 33
1605143976803 0.4778646049874552 34
1605143976818 0.4920164761918314 35
1605143976834 0.48870167872878945 36
1605143976849 0.4966505645366197 37
1605143976864 0.502407467767094 38
1605143976878 0.4896377907710129 39
1605143976893 0.5224920544731483 40
1605143976907 0.5187702684589987 41
1605143976921 0.5489860773086548 42
1605143976935 0.5493818762597074 43
1605143976949 0.5396454910214028 44
1605143976964 0.564187984788016 45
1605143976978 0.563596199737506 46
1605143976994 0.5502167611979367 47
1605143977008 0.5604464210821002 48
1605143977023 0.5540913410401076 49
1605143977037 0.5460122897383872 50
