1605143975555 0.3697115343608213 1
1605143975575 0.42234677411197274 2
1605143975589 0.46927206168014013 3
1605143975603 0.4778230592106166 4
1605143975617 0.6805778594499223 5
1605143975632 0.4958801537417294 6
1605143975646 0.7790262002623483 7
1605143975660 0.8479400699058276 8
1605143975675 0.6441947476247724 9
1605143975689 0.7116104672464092 10
1605143975703 0.865168516555529 11
1605143975716 0.8523274218098501 12
1605143975730 0.8471910015920575 13
1605143975745 0.8689138380329261 14
1605143975759 0.8067415644613545 15
1605143975773 0.8913857695761691 16
1605143975788 0.9415730130806398 17
1605143975802 0.9010165889611405 18
1605143975816 0.8584626377298591 19
1605143975830 0.9003745344247711 20
1605143975844 0.8686998399455895 21
1605143975858 0.8830390639519423 22
1605143975872 0.8665564194154204 23
1605143975885 0.8738687105393141 24
1605143975900 0.912246054477906 25
1605143975913 0.8965449065304874 26
1605143975927 0.8643124719684043 27
1605143975941 0.8639379351326589 28
1605143975955 0.8829320468259662 29
1605143975969 0.8690902142042525 30
1605143975984 0.8763947701186277 31
1605143975998 0.8615000435475553 32
1605143976012 0.8348829706063431 33
1605143976026 0.8696842407912351 34
1605143976040 0.8661535777402728 35
1605143976056 0.8652269157131066 36
1605143976073 0.8100669625100125 37
1605143976087 0.8625879702943094 38
1605143976103 0.8724301959691423 39
1605143976117 0.8479592826928986 40
1605143976133 0.853867482603266 41
1605143976150 0.8041939896144225 42
1605143976165 0.8216848105527041 43
1605143976182 0.8263909682798921 44
1605143976198 0.8366691771517979 45
1605143976215 0.8153656734509415 46
1605143976232 0.7952970172582048 47
1605143976249 0.7986400033650773 48
1605143976265 0.8268397577692953 49
1605143976282 0.8265935745132104 50
