1605143974747 0.766139025098822 1
1605143974763 0.5143212220642004 2
1605143974779 0.3232544352499287 3
1605143974795 0.18042893054779996 4
1605143974812 0.11590986975123373 5
1605143974828 0.06915448053499286 6
1605143974845 0.07657681020458093 7
1605143974861 0.09121805965230706 8
1605143974877 0.06384388549943988 9
1605143974893 0.08058039274778259 10
1605143974909 0.09409467892700367 11
1605143974925 0.10184517435813217 12
1605143974942 0.10139510403858142 13
1605143974958 0.12098263991013002 14
1605143974974 0.1069770853840903 15
1605143974990 0.12861124920041372 16
1605143975006 0.14862367209423794 17
1605143975022 0.1930062821072139 18
1605143975038 0.22755329662494445 19
1605143975055 0.22383051742328686 20
1605143975071 0.22731838735301843 21
1605143975088 0.23588176557187285 22
1605143975104 0.2657140908616312 23
1605143975120 0.2585323762692762 24
1605143975137 0.29050035205449953 25
1605143975153 0.29219791594516026 26
1605143975169 0.2887909643435746 27
1605143975186 0.3119609797938486 28
1605143975203 0.28827964991665955 29
1605143975219 0.30671909484970433 30
1605143975235 0.32524650552299583 31
1605143975252 0.3359828745381216 32
1605143975268 0.34843974501899116 33
1605143975285 0.3374995086969954 34
1605143975301 0.3486950250154131 35
1605143975317 0.351944529106108 36
1605143975334 0.3637783755077405 37
1605143975350 0.3605908714653401 38
1605143975365 0.35329811157805197 39
1605143975381 0.38088461656248973 40
1605143975397 0.37819584132580275 41
1605143975414 0.4245199728547857 42
1605143975431 0.41998922690916596 43
1605143975448 0.4040911170873749 44
1605143975465 0.4335378153940265 45
1605143975482 0.43627942278144066 46
1605143975498 0.4240383291512393 47
1605143975511 0.43735128440214005 48
1605143975525 0.4211420075277264 49
1605143975540 0.41235418132181917 50
