1605143778701 0.5786516853932584 1
1605143778714 0.6474719101123596 2
1605143778728 0.672752808988764 3
1605143778741 0.6825842696629213 4
1605143778754 0.6643258426966292 5
1605143778769 0.6601123595505618 6
1605143778785 0.6657303370786517 7
1605143778800 0.6615168539325843 8
1605143778816 0.672752808988764 9
1605143778831 0.6741573033707865 10
1605143778846 0.6629213483146067 11
1605143778862 0.6741573033707865 12
1605143778877 0.6741573033707865 13
1605143778893 0.6825842696629213 14
1605143778908 0.6783707865168539 15
1605143778924 0.6825842696629213 16
1605143778940 0.6853932584269663 17
1605143778955 0.6910112359550562 18
1605143778970 0.6952247191011236 19
1605143778986 0.6938202247191011 20
1605143779002 0.6938202247191011 21
1605143779017 0.7106741573033708 22
1605143779030 0.6896067415730337 23
1605143779043 0.7078651685393258 24
1605143779056 0.7106741573033708 25
1605143779076 0.7205056179775281 26
1605143779092 0.7106741573033708 27
1605143779107 0.7275280898876404 28
1605143779123 0.7401685393258427 29
1605143779139 0.7176966292134831 30
1605143779155 0.7275280898876404 31
1605143779172 0.726123595505618 32
1605143779191 0.7471910112359551 33
1605143779206 0.726123595505618 34
1605143779222 0.75 35
1605143779238 0.75 36
1605143779253 0.7514044943820225 37
1605143779266 0.7556179775280899 38
1605143779279 0.7612359550561798 39
1605143779293 0.7542134831460674 40
1605143779305 0.7780898876404494 41
1605143779319 0.7528089887640449 42
1605143779332 0.7752808988764045 43
1605143779345 0.7528089887640449 44
1605143779360 0.7780898876404494 45
1605143779373 0.7654494382022472 46
1605143779386 0.7598314606741573 47
1605143779400 0.7879213483146067 48
1605143779413 0.776685393258427 49
1605143779427 0.7724719101123596 50
