1605143780843 0.5789449650250124 1
1605143780857 0.5512080925903963 2
1605143780871 0.5481014258406135 3
1605143780886 0.47295909249380735 4
1605143780900 0.40656790438662754 5
1605143780914 0.3688072997532534 6
1605143780928 0.321869305010592 7
1605143780943 0.309467260087474 8
1605143780956 0.33062459746103606 9
1605143780970 0.32422583558586204 10
1605143780985 0.2765305832530675 11
1605143780998 0.30521131901258836 12
1605143781012 0.32948345950480257 13
1605143781026 0.35716675640491957 14
1605143781040 0.33714835563402495 15
1605143781054 0.34775206145275844 16
1605143781069 0.36296927761495784 17
1605143781083 0.3817301265309366 18
1605143781097 0.41370772578743065 19
1605143781110 0.40733387630976986 20
1605143781124 0.4158230832453524 21
1605143781138 0.45809725697120923 22
1605143781152 0.40360370110929683 23
1605143781166 0.4379380097549953 24
1605143781180 0.472391585285744 25
1605143781194 0.4820904504047351 26
1605143781208 0.46857148877690347 27
1605143781223 0.5036627710535285 28
1605143781238 0.5413028932689281 29
1605143781254 0.48472114694252444 30
1605143781268 0.5123141253932139 31
1605143781282 0.5095063293917795 32
1605143781297 0.5602436146039641 33
1605143781312 0.49753260076715705 34
1605143781328 0.5711433733447214 35
1605143781344 0.579909214143003 36
1605143781358 0.5751855741725879 37
1605143781378 0.5769705745611298 38
1605143781393 0.605214804745792 39
1605143781407 0.5943904843892944 40
1605143781424 0.6430001955353812 41
1605143781440 0.5894719543081991 42
1605143781454 0.6401258834292379 43
1605143781468 0.6025150518738822 44
1605143781482 0.6360168915786101 45
1605143781496 0.6342278846194235 46
1605143781511 0.6167200683207994 47
1605143781526 0.6738688637701313 48
1605143781540 0.6452548195806782 49
1605143781555 0.6520991591590174 50
