1605143780120 0.4744521550248178 1
1605143780134 0.5430688389231649 2
1605143780148 0.5764330183522085 3
1605143780161 0.6323237392339813 4
1605143780175 0.6188336088416282 5
1605143780189 0.6371861656060379 6
1605143780205 0.710237205698249 7
1605143780219 0.653825581743476 8
1605143780233 0.7549135109012046 9
1605143780247 0.794075596198607 10
1605143780260 0.7382557552851988 11
1605143780274 0.740003569742267 12
1605143780288 0.7565543142597327 13
1605143780301 0.7800209870499172 14
1605143780315 0.7865849572621034 15
1605143780329 0.7487004928374559 16
1605143780343 0.7809426583600848 17
1605143780357 0.8106652484850937 18
1605143780370 0.7678426450557923 19
1605143780384 0.724486109915744 20
1605143780398 0.7690160033408175 21
1605143780412 0.7956051451436589 22
1605143780425 0.7643954137737832 23
1605143780439 0.8369765120945619 24
1605143780453 0.7996275933940759 25
1605143780467 0.769290133808436 26
1605143780481 0.7967313595032424 27
1605143780496 0.8131304590889578 28
1605143780510 0.8067479401492001 29
1605143780523 0.8201030238290851 30
1605143780537 0.7991535315352879 31
1605143780554 0.8272525273012311 32
1605143780569 0.8459672124198313 33
1605143780582 0.8077299501119035 34
1605143780596 0.8178389460852976 35
1605143780610 0.8128021861729997 36
1605143780624 0.8062326827745759 37
1605143780638 0.858514489752523 38
1605143780652 0.8244380843773317 39
1605143780665 0.8109304543291584 40
1605143780679 0.8213876177755635 41
1605143780693 0.7934315218014664 42
1605143780707 0.8025335247596997 43
1605143780724 0.7858351020330794 44
1605143780745 0.846004184712185 45
1605143780761 0.7904192289609587 46
1605143780780 0.7798135896747032 47
1605143780795 0.8055598333980261 48
1605143780809 0.8174912849169099 49
1605143780829 0.7776639059688268 50
