1605143779440 0.7614616758367988 1
1605143779453 0.5715646368733952 2
1605143779467 0.5368882283735811 3
1605143779480 0.38398910908216843 4
1605143779494 0.30903366174590724 5
1605143779507 0.2711165828651257 6
1605143779520 0.21851385476883878 7
1605143779534 0.2085141861036922 8
1605143779548 0.21492215354790847 9
1605143779561 0.21048341507322332 10
1605143779574 0.17346415861269063 11
1605143779588 0.19707090633638788 12
1605143779601 0.214808153302482 13
1605143779615 0.2364755440294073 14
1605143779629 0.21987764587563075 15
1605143779642 0.22883873608674896 16
1605143779656 0.24085205056694117 17
1605143779669 0.25487247075927394 18
1605143779684 0.29173063428214424 19
1605143779700 0.28921810931034303 20
1605143779714 0.29148482472709053 21
1605143779727 0.3271797158744898 22
1605143779741 0.28099913811415766 23
1605143779754 0.3011814757679286 24
1605143779768 0.34355891018771056 25
1605143779781 0.3569351511724879 26
1605143779795 0.33950216314765846 27
1605143779808 0.37540729662005823 28
1605143779822 0.4182175196958392 29
1605143779835 0.355682665712378 30
1605143779848 0.38161233938142153 31
1605143779862 0.3765359018625838 32
1605143779876 0.43171878510646605 33
1605143779889 0.3692769344603078 34
1605143779903 0.4445574176445436 35
1605143779916 0.45540088750003427 36
1605143779930 0.4618842789296354 37
1605143779943 0.44668150852235516 38
1605143779957 0.48469385136379284 39
1605143779970 0.47628128930424035 40
1605143779984 0.5336347295996848 41
1605143779997 0.47256052627992096 42
1605143780011 0.5361311375425103 43
1605143780024 0.4934127571877469 44
1605143780038 0.521904165322861 45
1605143780051 0.5369339056229323 46
1605143780066 0.5171386438809084 47
1605143780079 0.5832534479291251 48
1605143780093 0.5377854614445333 49
1605143780106 0.5648267448283313 50
