1579418919884 0.6320225 1
1579418919907 0.7780899 2
1579418919927 0.7823034 3
1579418919946 0.81320226 4
1579418919963 0.8272472 5
1579418919984 0.81179774 6
1579418920005 0.82865167 7
1579418920028 0.8019663 8
1579418920053 0.81179774 9
1579418920074 0.8272472 10
1579418920091 0.8005618 11
1579418920109 0.8272472 12
1579418920125 0.83146065 13
1579418920143 0.82865167 14
1579418920160 0.83567417 15
1579418920178 0.8216292 16
1579418920196 0.81320226 17
1579418920213 0.8300562 18
1579418920232 0.83707863 19
1579418920249 0.8202247 20
1579418920266 0.81882024 21
1579418920281 0.8202247 22
