1579418921097 0.32435182 1
1579418921123 0.6727391 2
1579418921150 0.6584023 3
1579418921177 0.73510253 4
1579418921206 0.75078523 5
1579418921227 0.73505557 6
1579418921248 0.7610677 7
1579418921266 0.68218696 8
1579418921284 0.74493885 9
1579418921302 0.75872076 10
1579418921320 0.725594 11
1579418921339 0.75478125 12
1579418921358 0.75774044 13
1579418921380 0.7401026 14
1579418921398 0.7618929 15
1579418921422 0.7587244 16
1579418921440 0.7322022 17
1579418921462 0.76517797 18
1579418921482 0.77323276 19
1579418921500 0.73844105 20
1579418921518 0.7201841 21
1579418921537 0.74235463 22
