1579418920670 0.38518196 1
1579418920687 0.76371884 2
1579418920704 0.8355686 3
1579418920722 0.8123274 4
1579418920740 0.83532506 5
1579418920758 0.8082371 6
1579418920775 0.8188664 7
1579418920795 0.8446854 8
1579418920812 0.7989648 9
1579418920829 0.826334 10
1579418920848 0.8056747 11
1579418920865 0.81737024 12
1579418920881 0.8132227 13
1579418920895 0.84989625 14
1579418920910 0.84240115 15
1579418920925 0.8228709 16
1579418920947 0.8064664 17
1579418920969 0.8041625 18
1579418920990 0.83139867 19
1579418921014 0.7996536 20
1579418921047 0.8583859 21
1579418921070 0.8073371 22
