1579418920301 0.37025088 1
1579418920319 0.6221506 2
1579418920337 0.60040075 3
1579418920356 0.68819344 4
1579418920376 0.68631506 5
1579418920399 0.6780908 6
1579418920416 0.7118732 7
1579418920433 0.60331225 8
1579418920450 0.70214826 9
1579418920467 0.7052277 10
1579418920482 0.68734586 11
1579418920497 0.71084535 12
1579418920511 0.722685 13
1579418920526 0.67325246 14
1579418920540 0.6997369 15
1579418920556 0.70767576 16
1579418920573 0.69131774 17
1579418920591 0.7359895 18
1579418920608 0.7253602 19
1579418920626 0.6975243 20
1579418920640 0.6429342 21
1579418920655 0.6969362 22
