1605143914517 0.4957865168539326 1
1605143914535 0.5786516853932584 2
1605143914552 0.6039325842696629 3
1605143914568 0.6292134831460674 4
1605143914585 0.6474719101123596 5
1605143914601 0.6573033707865169 6
1605143914619 0.6629213483146067 7
1605143914635 0.6601123595505618 8
1605143914652 0.6530898876404494 9
1605143914668 0.6657303370786517 10
1605143914684 0.6530898876404494 11
1605143914700 0.6643258426966292 12
1605143914716 0.6544943820224719 13
1605143914737 0.6629213483146067 14
1605143914752 0.6713483146067416 15
1605143914767 0.6643258426966292 16
1605143914785 0.6741573033707865 17
1605143914799 0.6811797752808989 18
1605143914813 0.6713483146067416 19
1605143914827 0.6882022471910112 20
1605143914841 0.699438202247191 21
1605143914855 0.699438202247191 22
1605143914869 0.7036516853932584 23
1605143914883 0.7078651685393258 24
1605143914897 0.7120786516853933 25
1605143914910 0.7106741573033708 26
1605143914924 0.7148876404494382 27
1605143914938 0.7205056179775281 28
1605143914953 0.726123595505618 29
1605143914966 0.7289325842696629 30
1605143914980 0.7359550561797753 31
1605143914994 0.7415730337078652 32
1605143915008 0.7331460674157303 33
1605143915022 0.7387640449438202 34
1605143915036 0.7373595505617978 35
1605143915050 0.7514044943820225 36
1605143915065 0.7401685393258427 37
1605143915083 0.7485955056179775 38
1605143915097 0.7528089887640449 39
1605143915111 0.7696629213483146 40
1605143915126 0.7668539325842697 41
1605143915140 0.7626404494382022 42
1605143915153 0.7485955056179775 43
1605143915167 0.7598314606741573 44
1605143915181 0.773876404494382 45
1605143915195 0.7696629213483146 46
1605143915209 0.7696629213483146 47
1605143915223 0.7752808988764045 48
1605143915236 0.7837078651685393 49
1605143915249 0.7808988764044944 50
