1605143916754 0.41519518414240203 1
1605143916769 0.41128705793552184 2
1605143916788 0.36786578277523596 3
1605143916806 0.34254875209894076 4
1605143916822 0.32677809776884786 5
1605143916837 0.3054341968525662 6
1605143916852 0.297246223085382 7
1605143916867 0.25148743859837563 8
1605143916881 0.21769659572772765 9
1605143916895 0.25182721788963575 10
1605143916910 0.21177932184733703 11
1605143916924 0.2565105403407236 12
1605143916940 0.2245710739928685 13
1605143916954 0.24378393071421076 14
1605143916968 0.29191117608145384 15
1605143916983 0.26868633072028 16
1605143916997 0.2974348496854975 17
1605143917013 0.32582181089379814 18
1605143917031 0.2996904260656807 19
1605143917047 0.35350228695387254 20
1605143917063 0.38637521561611904 21
1605143917080 0.40056300196754796 22
1605143917097 0.42400597186570754 23
1605143917114 0.4232960256297937 24
1605143917131 0.43368924802608705 25
1605143917148 0.450946401679114 26
1605143917165 0.4596987956025627 27
1605143917182 0.4651066252354826 28
1605143917199 0.47611822572986734 29
1605143917215 0.5079919997225987 30
1605143917232 0.5108399665757511 31
1605143917249 0.5253129594781426 32
1605143917265 0.5206918381573109 33
1605143917283 0.5411111940158887 34
1605143917301 0.5286954333273213 35
1605143917320 0.5552432590656067 36
1605143917340 0.5487721066796378 37
1605143917358 0.5644597444641456 38
1605143917378 0.5803576667657059 39
1605143917397 0.6033338375305861 40
1605143917415 0.6070807073893172 41
1605143917434 0.5943223733580514 42
1605143917454 0.5770257959205113 43
1605143917475 0.6026089378956998 44
1605143917495 0.63449746035458 45
1605143917513 0.6252867700008864 46
1605143917531 0.6360630922103196 47
1605143917550 0.6370892417564821 48
1605143917576 0.6609176357140701 49
1605143917595 0.6647754351744491 50
