1605143916002 0.37606072375613653 1
1605143916016 0.44180442242140183 2
1605143916031 0.47543424434876175 3
1605143916045 0.5302381769994672 4
1605143916059 0.6136485298028153 5
1605143916078 0.6900886936803882 6
1605143916092 0.7413233465023255 7
1605143916106 0.7920099938853403 8
1605143916121 0.7805243422476094 9
1605143916136 0.8095238115010637 10
1605143916150 0.6841448210598378 11
1605143916164 0.7706795113809993 12
1605143916179 0.7263777497109403 13
1605143916193 0.8092384539293439 14
1605143916207 0.8516853967409456 15
1605143916223 0.8369765053974109 16
1605143916237 0.8642054622092944 17
1605143916253 0.817977530232976 18
1605143916267 0.7910404258899475 19
1605143916282 0.8280007169487771 20
1605143916296 0.8494673940572846 21
1605143916311 0.8302235871218564 22
1605143916325 0.8423399335882636 23
1605143916339 0.846291788508383 24
1605143916354 0.8728896566991056 25
1605143916368 0.8230114478743478 26
1605143916383 0.8397798216744755 27
1605143916397 0.8435347482059778 28
1605143916412 0.8585518129755941 29
1605143916426 0.8247479106603044 30
1605143916442 0.877853238180782 31
1605143916457 0.866987699872992 32
1605143916472 0.8422671007306388 33
1605143916487 0.8481608388129245 34
1605143916501 0.8298135808344638 35
1605143916516 0.8693554910381188 36
1605143916531 0.8262901949078849 37
1605143916546 0.8276571745283148 38
1605143916560 0.8236164618074224 39
1605143916574 0.8357055267591155 40
1605143916589 0.8374337795075406 41
1605143916605 0.8405138173799837 42
1605143916620 0.8152325126562225 43
1605143916637 0.791613080528345 44
1605143916654 0.8103811606932222 45
1605143916672 0.8109323831086748 46
1605143916688 0.8088371726904022 47
1605143916703 0.7940577657035227 48
1605143916719 0.7928920167215755 49
1605143916737 0.7998555804906267 50
