1605143915263 0.48238208722532466 1
1605143915276 0.39289537507496525 2
1605143915290 0.30518713426054195 3
1605143915303 0.25869493337159744 4
1605143915317 0.23056503293219577 5
1605143915332 0.20357500401775488 6
1605143915346 0.18977587912859542 7
1605143915360 0.1528522599948926 8
1605143915373 0.13071259621823772 9
1605143915387 0.15570546502477667 10
1605143915401 0.12799277600277675 11
1605143915415 0.15678472666258222 12
1605143915431 0.1352712210644497 13
1605143915449 0.14710650216327625 14
1605143915463 0.17964054325993142 15
1605143915477 0.16411639431889138 16
1605143915491 0.18373262681318134 17
1605143915505 0.2066266509924042 18
1605143915518 0.19069125076358237 19
1605143915533 0.22798113206799112 20
1605143915547 0.2588121880976002 21
1605143915562 0.26622729355029845 22
1605143915576 0.28615401300151694 23
1605143915589 0.2886529236697079 24
1605143915603 0.29791273159927195 25
1605143915617 0.31534325674678504 26
1605143915631 0.3269278011964948 27
1605143915644 0.32830954669566637 28
1605143915658 0.346220225765464 29
1605143915671 0.3740142999070414 30
1605143915685 0.36824336279644054 31
1605143915699 0.387726391299387 32
1605143915713 0.39193282770306875 33
1605143915731 0.4038848809981614 34
1605143915747 0.3947500857744324 35
1605143915764 0.4128206847758775 36
1605143915782 0.41642457179808884 37
1605143915800 0.4307689817433947 38
1605143915818 0.4539657576700275 39
1605143915834 0.47876450988683805 40
1605143915850 0.47895959187089726 41
1605143915866 0.46992547826820547 42
1605143915883 0.45934382851204175 43
1605143915899 0.48963285028264764 44
1605143915914 0.5294900315531185 45
1605143915929 0.5177965083818757 46
1605143915944 0.5312874464506514 47
1605143915958 0.5400737671369917 48
1605143915972 0.5717678820149282 49
1605143915988 0.5787514622291822 50
