1579419896879 0.56882024 1
1579419896894 0.66853935 2
1579419896908 0.72893256 3
1579419896923 0.7514045 4
1579419896938 0.78932583 5
1579419896952 0.7794944 6
1579419896966 0.8019663 7
1579419896981 0.81320226 8
1579419896995 0.78932583 9
1579419897009 0.8075843 10
1579419897023 0.8103933 11
1579419897038 0.8202247 12
1579419897053 0.82865167 13
1579419897068 0.8300562 14
1579419897082 0.83567417 15
1579419897096 0.8258427 16
1579419897111 0.83426964 17
1579419897125 0.82865167 18
1579419897139 0.8230337 19
1579419897154 0.82865167 20
1579419897168 0.8258427 21
1579419897182 0.83707863 22
1579419897197 0.8328652 23
1579419897212 0.8244382 24
1579419897227 0.8272472 25
1579419897241 0.83567417 26
1579419897257 0.8230337 27
1579419897272 0.83146065 28
1579419897287 0.83707863 29
1579419897302 0.8216292 30
1579419897317 0.83567417 31
1579419897332 0.8075843 32
1579419897346 0.8300562 33
1579419897360 0.8398876 34
1579419897375 0.83848315 35
1579419897389 0.83707863 36
1579419897404 0.8455056 37
1579419897418 0.83707863 38
1579419897432 0.8426966 39
1579419897446 0.8398876 40
1579419897460 0.83848315 41
