1579419898698 0.20772412 1
1579419898715 0.52325404 2
1579419898733 0.43711296 3
1579419898748 0.5759899 4
1579419898765 0.69234824 5
1579419898781 0.6700562 6
1579419898796 0.7503921 7
1579419898811 0.7236743 8
1579419898825 0.6996834 9
1579419898840 0.6983532 10
1579419898855 0.70708907 11
1579419898870 0.77347696 12
1579419898885 0.7550812 13
1579419898900 0.75221497 14
1579419898914 0.76197886 15
1579419898930 0.76424706 16
1579419898945 0.79751426 17
1579419898959 0.7381264 18
1579419898976 0.80752885 19
1579419898994 0.7392806 20
1579419899009 0.7572815 21
1579419899024 0.76460844 22
1579419899039 0.80109084 23
1579419899053 0.74721783 24
1579419899068 0.77358335 25
1579419899083 0.73481727 26
1579419899098 0.7565982 27
1579419899113 0.6883449 28
1579419899128 0.70027363 29
1579419899142 0.75728273 30
1579419899157 0.74734485 31
1579419899171 0.72319615 32
1579419899186 0.72144926 33
1579419899201 0.77492875 34
1579419899217 0.76855 35
1579419899233 0.779686 36
1579419899248 0.78145754 37
1579419899265 0.78298223 38
1579419899280 0.76688683 39
1579419899296 0.7765018 40
1579419899311 0.8053733 41
