1579419898082 0.27841258 1
1579419898098 0.6774899 2
1579419898113 0.7676819 3
1579419898127 0.7888249 4
1579419898142 0.7740747 5
1579419898156 0.78956485 6
1579419898171 0.8545619 7
1579419898185 0.7476124 8
1579419898201 0.8891353 9
1579419898215 0.7100273 10
1579419898230 0.80754 11
1579419898245 0.83860815 12
1579419898264 0.80480146 13
1579419898280 0.8240821 14
1579419898295 0.8262762 15
1579419898310 0.83529854 16
1579419898324 0.86897707 17
1579419898338 0.86524576 18
1579419898353 0.8302272 19
1579419898367 0.79790914 20
1579419898382 0.81769735 21
1579419898398 0.76509935 22
1579419898412 0.88482845 23
1579419898427 0.85152185 24
1579419898441 0.80301034 25
1579419898456 0.8235753 26
1579419898472 0.80546904 27
1579419898490 0.78438276 28
1579419898507 0.78350484 29
1579419898522 0.8076004 30
1579419898537 0.76754045 31
1579419898552 0.8337158 32
1579419898566 0.8716541 33
1579419898581 0.8047524 34
1579419898595 0.87543154 35
1579419898610 0.81426543 36
1579419898625 0.8095238 37
1579419898640 0.8563253 38
1579419898654 0.8971845 39
1579419898669 0.7999703 40
1579419898684 0.8926897 41
