1579419897476 0.22308807 1
1579419897491 0.50635237 2
1579419897506 0.3119955 3
1579419897520 0.46092173 4
1579419897535 0.6381098 5
1579419897549 0.6164626 6
1579419897564 0.6792931 7
1579419897578 0.7184831 8
1579419897593 0.5997402 9
1579419897607 0.69457877 10
1579419897622 0.6541445 11
1579419897636 0.7279252 12
1579419897651 0.71225125 13
1579419897665 0.6939454 14
1579419897680 0.7074358 15
1579419897694 0.7080294 16
1579419897709 0.7422571 17
1579419897723 0.66004556 18
1579419897738 0.801484 19
1579419897754 0.69020545 20
1579419897769 0.7094011 21
1579419897784 0.7996666 22
1579419897798 0.739283 23
1579419897816 0.6809109 24
1579419897830 0.7489191 25
1579419897845 0.67076147 26
1579419897859 0.7185713 27
1579419897873 0.6258193 28
1579419897887 0.63726753 29
1579419897901 0.7211453 30
1579419897917 0.7482349 31
1579419897931 0.66628337 32
1579419897946 0.6399094 33
1579419897961 0.7509079 34
1579419897976 0.69182247 35
1579419897992 0.7514371 36
1579419898009 0.7612491 37
1579419898024 0.72769874 38
1579419898039 0.6756495 39
1579419898053 0.7636065 40
1579419898068 0.7363095 41
