1579394923367 0.36681825 1
1579394923379 0.394252 2
1579394923392 0.4009861 3
1579394923404 0.39865887 4
1579394923416 0.47334725 5
1579394923429 0.4977933 6
1579394923441 0.45320186 7
1579394923454 0.4786091 8
1579394923466 0.52687055 9
1579394923479 0.5334183 10
1579394923492 0.48490506 11
1579394923505 0.55745375 12
1579394923517 0.5363159 13
1579394923530 0.46319762 14
1579394923542 0.5523047 15
1579394923555 0.5565208 16
1579394923567 0.54902256 17
1579394923579 0.5459672 18
1579394923591 0.55398184 19
1579394923605 0.5764793 20
