1579394923112 0.42610535 1
1579394923128 0.5156843 2
1579394923143 0.4488795 3
1579394923157 0.61228734 4
1579394923170 0.53101283 5
1579394923182 0.52631927 6
1579394923194 0.59252715 7
1579394923207 0.5528791 8
1579394923220 0.604509 9
1579394923232 0.5430841 10
1579394923244 0.5553818 11
1579394923256 0.5895753 12
1579394923269 0.55343014 13
1579394923281 0.6110008 14
1579394923293 0.5791466 15
1579394923306 0.6384239 16
1579394923318 0.5894205 17
1579394923330 0.61894345 18
1579394923342 0.58782667 19
1579394923355 0.6583865 20
