1579394922856 0.4080548 1
1579394922870 0.37231934 2
1579394922884 0.43391943 3
1579394922896 0.4267658 4
1579394922908 0.48551643 5
1579394922920 0.56390035 6
1579394922932 0.4376819 7
1579394922945 0.5338922 8
1579394922956 0.5127095 9
1579394922969 0.59778655 10
1579394922981 0.4986192 11
1579394922993 0.5661164 12
1579394923005 0.57856935 13
1579394923018 0.4491666 14
1579394923030 0.58242196 15
1579394923045 0.58329546 16
1579394923057 0.5855301 17
1579394923071 0.541691 18
1579394923085 0.57276165 19
1579394923097 0.5671799 20
