1579419903070 0.60674155 1
1579419903084 0.38623595 2
1579419903098 0.66432583 3
1579419903113 0.7050562 4
1579419903127 0.7401685 5
1579419903141 0.7022472 6
1579419903156 0.74157304 7
1579419903170 0.79634833 8
1579419903184 0.7977528 9
1579419903198 0.7008427 10
1579419903211 0.78089887 11
1579419903225 0.7991573 12
1579419903240 0.7485955 13
1579419903255 0.8244382 14
1579419903269 0.8216292 15
1579419903284 0.81601125 16
1579419903300 0.8047753 17
1579419903317 0.8103933 18
1579419903334 0.8174157 19
1579419903350 0.83426964 20
1579419903364 0.78932583 21
1579419903378 0.755618 22
1579419903393 0.8033708 23
1579419903407 0.83567417 24
1579419903422 0.83146065 25
1579419903437 0.78089887 26
1579419903452 0.8047753 27
1579419903466 0.82865167 28
1579419903481 0.8202247 29
1579419903497 0.8230337 30
1579419903511 0.83567417 31
1579419903525 0.83146065 32
1579419903540 0.81320226 33
1579419903555 0.83567417 34
