1579419904623 0.26573423 1
1579419904637 0.55798566 2
1579419904652 0.37215 3
1579419904667 0.5243106 4
1579419904682 0.60258234 5
1579419904696 0.5010211 6
1579419904712 0.5902928 7
1579419904727 0.7001952 8
1579419904742 0.63814896 9
1579419904757 0.54750484 10
1579419904772 0.65211606 11
1579419904786 0.7168508 12
1579419904804 0.60191464 13
1579419904820 0.7555703 14
1579419904835 0.75221246 15
1579419904852 0.73422456 16
1579419904868 0.7199018 17
1579419904883 0.73081195 18
1579419904898 0.74256337 19
1579419904914 0.765974 20
1579419904928 0.70893157 21
1579419904943 0.62454945 22
1579419904958 0.69850874 23
1579419904972 0.77511334 24
1579419904989 0.76262754 25
1579419905004 0.65533817 26
1579419905018 0.75903463 27
1579419905033 0.75518537 28
1579419905048 0.7218398 29
1579419905063 0.7483281 30
1579419905077 0.76620674 31
1579419905093 0.74350667 32
1579419905108 0.72643524 33
1579419905123 0.7495755 34
