1579419904096 0.24255319 1
1579419904120 0.38794333 2
1579419904139 0.67864925 3
1579419904157 0.7194909 4
1579419904174 0.7546991 5
1579419904189 0.8042929 6
1579419904204 0.78224194 7
1579419904219 0.81119657 8
1579419904233 0.85249174 9
1579419904248 0.69177717 10
1579419904262 0.8663902 11
1579419904277 0.76658344 12
1579419904293 0.8357724 13
1579419904309 0.8068109 14
1579419904326 0.7937413 15
1579419904340 0.81439394 16
1579419904355 0.8176754 17
1579419904369 0.83334994 18
1579419904385 0.84928083 19
1579419904400 0.82540023 20
1579419904414 0.77386045 21
1579419904429 0.8306424 22
1579419904443 0.85764164 23
1579419904457 0.8391212 24
1579419904472 0.8347826 25
1579419904489 0.8367462 26
1579419904504 0.7678182 27
1579419904518 0.8444749 28
1579419904532 0.8321339 29
1579419904547 0.79142624 30
1579419904562 0.8339058 31
1579419904576 0.8150754 32
1579419904591 0.8697344 33
1579419904608 0.8515625 34
