1579419903569 0.29381442 1
1579419903584 0.99404764 2
1579419903600 0.2921147 3
1579419903617 0.4318182 4
1579419903633 0.53838736 5
1579419903651 0.47162333 6
1579419903666 0.49971062 7
1579419903680 0.61593366 8
1579419903695 0.5494506 9
1579419903709 0.56238407 10
1579419903724 0.53555554 11
1579419903739 0.7073892 12
1579419903754 0.5190953 13
1579419903768 0.71073246 14
1579419903783 0.7161368 15
1579419903799 0.6764395 16
1579419903814 0.6550729 17
1579419903828 0.6746032 18
1579419903843 0.6697527 19
1579419903857 0.7159003 20
1579419903872 0.68234026 21
1579419903886 0.55797774 22
1579419903901 0.5971148 23
1579419903915 0.7201814 24
1579419903929 0.704918 25
1579419903944 0.5959173 26
1579419903959 0.75963926 27
1579419903973 0.68297493 28
1579419903990 0.6556634 29
1579419904007 0.70978844 30
1579419904023 0.71428573 31
1579419904039 0.68589747 32
1579419904058 0.6349201 33
1579419904076 0.6730769 34
