1579398095544 0.514 1
1579398095560 0.483 2
1579398095578 0.483 3
1579398095608 0.526 4
1579398095632 0.486 5
1579398095654 0.487 6
1579398095674 0.499 7
1579398095693 0.502 8
1579398095708 0.5 9
1579398095722 0.473 10
1579398095736 0.493 11
1579398095750 0.479 12
1579398095762 0.496 13
1579398095776 0.503 14
1579398095792 0.475 15
1579398095807 0.505 16
1579398095822 0.501 17
1579398095836 0.494 18
1579398095849 0.498 19
1579398095862 0.52 20
1579398095875 0.515 21
1579398095887 0.499 22
1579398095899 0.498 23
1579398095912 0.517 24
1579398095924 0.515 25
1579398095936 0.513 26
1579398095948 0.505 27
1579398095960 0.487 28
1579398095972 0.515 29
1579398095984 0.497 30
1579398095996 0.483 31
1579398096009 0.513 32
1579398096021 0.501 33
1579398096033 0.505 34
1579398096045 0.489 35
1579398096057 0.499 36
1579398096069 0.517 37
1579398096082 0.519 38
1579398096095 0.467 39
1579398096107 0.511 40
1579398096119 0.515 41
