1579398097237 0.3680984 1
1579398097250 0.4936695 2
1579398097263 0.4061004 3
1579398097276 0.48567033 4
1579398097291 0.4184941 5
1579398097307 0.3547371 6
1579398097322 0.3673118 7
1579398097335 0.36417317 8
1579398097348 0.34825218 9
1579398097361 0.376979 10
1579398097373 0.519172 11
1579398097386 0.47114524 12
1579398097398 0.2258948 13
1579398097410 0.46582055 14
1579398097422 0.433645 15
1579398097435 0.13636883 16
1579398097449 0.45704758 17
1579398097461 0.48311237 18
1579398097474 0.3242422 19
1579398097487 0.43196812 20
1579398097499 0.19523808 21
1579398097512 0.18842207 22
1579398097524 0.31170675 23
1579398097538 0.3362605 24
1579398097554 0.1673913 25
1579398097568 0.0 26
1579398097580 0.16373625 27
1579398097593 0.32369 28
1579398097606 0.3257208 29
1579398097619 0.16075386 30
1579398097631 0.30957264 31
1579398097644 0.32716447 32
1579398097657 0.16225165 33
1579398097669 0.33791918 34
1579398097683 0.3245 35
1579398097695 0.1615044 36
1579398097708 0.33452785 37
1579398097720 0.17460316 38
1579398097733 0.3161934 39
1579398097745 0.16593885 40
1579398097760 0.33602148 41
