1579398096648 0.48809808 1
1579398096660 0.47689727 2
1579398096673 0.44774345 3
1579398096693 0.5230175 4
1579398096712 0.47905588 5
1579398096732 0.4236383 6
1579398096751 0.51664674 7
1579398096773 0.37511706 8
1579398096800 0.45282853 9
1579398096820 0.44298887 10
1579398096836 0.46857437 11
1579398096851 0.4558715 12
1579398096865 0.46111727 13
1579398096880 0.5143195 14
1579398096892 0.37619972 15
1579398096905 0.5886111 16
1579398096917 0.37162626 17
1579398096930 0.36587065 18
1579398096945 0.3681522 19
1579398096957 0.5257699 20
1579398096969 0.25083333 21
1579398096981 0.26045084 22
1579398096993 0.24565816 23
1579398097006 0.26265174 24
1579398097018 0.125817 25
1579398097030 0.0 26
1579398097043 0.12173203 27
1579398097058 0.23937908 28
1579398097073 0.24188985 29
1579398097085 0.11846405 30
1579398097098 0.22435439 31
1579398097110 0.24330464 32
1579398097122 0.12009804 33
1579398097135 0.25565916 34
1579398097149 0.24019608 35
1579398097161 0.119281046 36
1579398097174 0.251634 37
1579398097186 0.13414635 38
1579398097199 0.23120916 39
1579398097211 0.12418301 40
1579398097224 0.25304878 41
