1579398096131 0.529372 1
1579398096143 0.6924743 2
1579398096156 0.42403448 3
1579398096168 0.5068251 4
1579398096181 0.4585802 5
1579398096193 0.3235641 6
1579398096205 0.3937938 7
1579398096217 0.41044676 8
1579398096229 0.30644765 9
1579398096241 0.34258866 10
1579398096253 0.5878862 11
1579398096266 0.5365808 12
1579398096282 0.24440035 13
1579398096297 0.5533284 14
1579398096312 0.59218854 15
1579398096326 0.08450446 16
1579398096338 0.6009271 17
1579398096350 0.71116686 18
1579398096362 0.47398034 19
1579398096375 0.5417852 20
1579398096388 0.26286107 21
1579398096400 0.26317403 22
1579398096412 0.4390625 23
1579398096425 0.4715909 24
1579398096437 0.25 25
1579398096449 0.0 26
1579398096461 0.25 27
1579398096473 0.5 28
1579398096486 0.5 29
1579398096498 0.25 30
1579398096510 0.5 31
1579398096523 0.5 32
1579398096536 0.25 33
1579398096548 0.5 34
1579398096561 0.5 35
1579398096573 0.25 36
1579398096586 0.5 37
1579398096598 0.25 38
1579398096611 0.5 39
1579398096623 0.25 40
1579398096635 0.5 41
