1579418931639 0.6488764 1
1579418931674 0.7022472 2
1579418931700 0.7247191 3
1579418931722 0.7851124 4
1579418931742 0.8075843 5
1579418931769 0.7823034 6
1579418931787 0.77106744 7
1579418931805 0.82865167 8
1579418931823 0.8202247 9
1579418931839 0.8272472 10
1579418931854 0.81320226 11
1579418931874 0.7823034 12
1579418931893 0.83146065 13
1579418931912 0.83707863 14
1579418931931 0.8328652 15
1579418931951 0.82865167 16
1579418931968 0.8103933 17
1579418931986 0.8258427 18
1579418932006 0.83707863 19
1579418932032 0.83848315 20
1579418932050 0.84129214 21
1579418932067 0.8230337 22
1579418932088 0.7949438 23
1579418932113 0.84129214 24
1579418932145 0.84410113 25
1579418932187 0.8300562 26
1579418932215 0.8258427 27
1579418932241 0.8469101 28
1579418932279 0.8398876 29
1579418932319 0.8398876 30
1579418932349 0.8525281 31
1579418932382 0.8455056 32
1579418932417 0.8497191 33
1579418932455 0.8511236 34
1579418932486 0.8258427 35
1579418932509 0.7977528 36
1579418932538 0.8553371 37
1579418932567 0.8469101 38
1579418932593 0.8497191 39
1579418932619 0.8426966 40
1579418932639 0.84410113 41
1579418932665 0.8469101 42
