1579418934369 0.3414776 1
1579418934388 0.4484465 2
1579418934405 0.55073005 3
1579418934423 0.6677616 4
1579418934441 0.7306935 5
1579418934459 0.7235386 6
1579418934478 0.6359444 7
1579418934495 0.7598855 8
1579418934512 0.7452678 9
1579418934527 0.76324636 10
1579418934542 0.7264118 11
1579418934557 0.6908696 12
1579418934572 0.76335984 13
1579418934588 0.77490586 14
1579418934607 0.7675023 15
1579418934626 0.7602303 16
1579418934645 0.7163817 17
1579418934664 0.76604605 18
1579418934682 0.7670584 19
1579418934700 0.77745414 20
1579418934717 0.77176476 21
1579418934740 0.7513167 22
1579418934760 0.67857957 23
1579418934778 0.7748665 24
1579418934797 0.7797434 25
1579418934815 0.7589981 26
1579418934834 0.7625939 27
1579418934853 0.7816257 28
1579418934872 0.776745 29
1579418934890 0.76818895 30
1579418934908 0.79964733 31
1579418934926 0.7864329 32
1579418934945 0.7908793 33
1579418934966 0.7961945 34
1579418934992 0.75702363 35
1579418935019 0.6898393 36
1579418935046 0.7937413 37
1579418935067 0.7867077 38
1579418935084 0.7872873 39
1579418935102 0.7858634 40
1579418935121 0.77928084 41
1579418935139 0.7911839 42
