1579418933536 0.39325228 1
1579418933555 0.7632902 2
1579418933578 0.79252845 3
1579418933599 0.8347295 4
1579418933623 0.77922684 5
1579418933644 0.7382155 6
1579418933668 0.8335685 7
1579418933692 0.8237179 8
1579418933716 0.81489205 9
1579418933735 0.8053212 10
1579418933756 0.8416269 11
1579418933775 0.77539307 12
1579418933796 0.8301015 13
1579418933818 0.8315187 14
1579418933837 0.8310029 15
1579418933856 0.81301075 16
1579418933875 0.8472145 17
1579418933896 0.8054838 18
1579418933918 0.85000974 19
1579418933937 0.82425755 20
1579418933957 0.83747244 21
1579418933976 0.8064726 22
1579418933994 0.8145886 23
1579418934013 0.8506976 24
1579418934033 0.8319328 25
1579418934054 0.8403807 26
1579418934071 0.80239534 27
1579418934088 0.8694126 28
1579418934106 0.8416088 29
1579418934124 0.8554457 30
1579418934142 0.8478772 31
1579418934160 0.8448822 32
1579418934178 0.85611415 33
1579418934197 0.83428687 34
1579418934215 0.7982604 35
1579418934237 0.8558524 36
1579418934255 0.85656905 37
1579418934274 0.8587019 38
1579418934292 0.8727543 39
1579418934312 0.8304747 40
1579418934331 0.84516937 41
1579418934350 0.8446314 42
