1579418932696 0.30258504 1
1579418932740 0.3239701 2
1579418932779 0.48670626 3
1579418932807 0.56100744 4
1579418932840 0.69295233 5
1579418932862 0.75709987 6
1579418932881 0.55417985 7
1579418932900 0.7069657 8
1579418932918 0.6970795 9
1579418932937 0.72961754 10
1579418932955 0.64801115 11
1579418932975 0.6608443 12
1579418932993 0.7145939 13
1579418933010 0.7278525 14
1579418933030 0.7130411 15
1579418933048 0.7203124 16
1579418933066 0.6360317 17
1579418933084 0.7425198 18
1579418933101 0.69996375 19
1579418933118 0.7368801 20
1579418933140 0.7170895 21
1579418933155 0.7159855 22
1579418933173 0.6347529 23
1579418933188 0.71424365 24
1579418933203 0.7351951 25
1579418933217 0.69825864 26
1579418933233 0.7306009 27
1579418933249 0.7126591 28
1579418933263 0.72434384 29
1579418933277 0.70625657 30
1579418933291 0.7607551 31
1579418933306 0.73623794 32
1579418933321 0.73569494 33
1579418933336 0.7616529 34
1579418933350 0.73001534 35
1579418933365 0.60347646 36
1579418933383 0.7395434 37
1579418933410 0.7265773 38
1579418933441 0.7233514 39
1579418933474 0.7520713 40
1579418933498 0.7285452 41
1579418933517 0.7490619 42
