1579415571858 0.51404494 1
1579415571872 0.6264045 2
1579415571894 0.7598315 3
1579415571915 0.755618 4
1579415571938 0.73595506 5
1579415571963 0.8005618 6
1579415571989 0.8047753 7
1579415572006 0.78370786 8
1579415572022 0.81601125 9
1579415572038 0.79353935 10
1579415572053 0.8272472 11
1579415572066 0.7752809 12
1579415572080 0.8258427 13
1579415572093 0.8244382 14
1579415572107 0.82865167 15
1579415572120 0.8202247 16
1579415572134 0.747191 17
1579415572148 0.8258427 18
1579415572162 0.83426964 19
1579415572175 0.8272472 20
1579415572189 0.79634833 21
1579415572202 0.8272472 22
1579415572216 0.80617976 23
1579415572229 0.8146067 24
1579415572242 0.83146065 25
1579415572256 0.8244382 26
1579415572269 0.8300562 27
1579415572282 0.7921348 28
1579415572296 0.8216292 29
1579415572309 0.82865167 30
1579415572322 0.8216292 31
1579415572336 0.8300562 32
1579415572349 0.8272472 33
1579415572362 0.80617976 34
1579415572376 0.82865167 35
1579415572389 0.8328652 36
1579415572403 0.8398876 37
1579415572416 0.8019663 38
1579415572429 0.83707863 39
1579415572443 0.8202247 40
1579415572457 0.8230337 41
1579415572470 0.81601125 42
1579415572483 0.8398876 43
