1579415573737 0.28332415 1
1579415573752 0.34774765 2
1579415573767 0.63036406 3
1579415573783 0.5956891 4
1579415573799 0.6258434 5
1579415573814 0.6960141 6
1579415573828 0.7131393 7
1579415573843 0.68647325 8
1579415573857 0.71272975 9
1579415573870 0.7001198 10
1579415573884 0.7662767 11
1579415573898 0.667006 12
1579415573912 0.7309305 13
1579415573926 0.7454944 14
1579415573940 0.76321876 15
1579415573954 0.74628365 16
1579415573968 0.63846666 17
1579415573981 0.75807303 18
1579415573995 0.7790558 19
1579415574009 0.76938945 20
1579415574023 0.7332934 21
1579415574036 0.7508605 22
1579415574051 0.73795563 23
1579415574065 0.7483691 24
1579415574078 0.76510066 25
1579415574092 0.74258155 26
1579415574105 0.77118367 27
1579415574120 0.69896233 28
1579415574135 0.77112895 29
1579415574148 0.7728403 30
1579415574163 0.734931 31
1579415574177 0.7751925 32
1579415574191 0.7431227 33
1579415574204 0.7304871 34
1579415574218 0.7413714 35
1579415574232 0.7532932 36
1579415574245 0.78885424 37
1579415574259 0.7183965 38
1579415574274 0.73842335 39
1579415574287 0.7115222 40
1579415574300 0.74616814 41
1579415574313 0.75648534 42
1579415574326 0.7611929 43
