1579415573138 0.27836886 1
1579415573154 0.70320284 2
1579415573171 0.7181904 3
1579415573187 0.83762664 4
1579415573202 0.71279716 5
1579415573215 0.80846226 6
1579415573229 0.7976442 7
1579415573242 0.7729886 8
1579415573256 0.8179677 9
1579415573269 0.76594776 10
1579415573284 0.8168181 11
1579415573298 0.7788414 12
1579415573311 0.80993 13
1579415573325 0.8004688 14
1579415573339 0.82011396 15
1579415573352 0.8233287 16
1579415573366 0.7639297 17
1579415573379 0.8343636 18
1579415573393 0.83744204 19
1579415573407 0.81200135 20
1579415573421 0.7860742 21
1579415573434 0.8052618 22
1579415573448 0.8130045 23
1579415573461 0.8409189 24
1579415573474 0.8015498 25
1579415573488 0.8491362 26
1579415573501 0.8303623 27
1579415573514 0.83802956 28
1579415573528 0.8201761 29
1579415573541 0.8322632 30
1579415573554 0.82957685 31
1579415573568 0.85330087 32
1579415573582 0.79545736 33
1579415573597 0.8220892 34
1579415573611 0.85275733 35
1579415573626 0.82450294 36
1579415573640 0.86063755 37
1579415573654 0.81647384 38
1579415573668 0.8032297 39
1579415573682 0.8738672 40
1579415573696 0.8387865 41
1579415573709 0.8328203 42
1579415573723 0.81775105 43
