1579415572496 0.3962459 1
1579415572510 0.30220142 2
1579415572524 0.5989913 3
1579415572537 0.5009396 4
1579415572551 0.6231872 5
1579415572564 0.62533885 6
1579415572577 0.64821994 7
1579415572590 0.6573691 8
1579415572604 0.6423786 9
1579415572618 0.66124624 10
1579415572632 0.73218673 11
1579415572646 0.6518693 12
1579415572659 0.6674603 13
1579415572672 0.7022994 14
1579415572685 0.7141411 15
1579415572699 0.69189304 16
1579415572712 0.5944691 17
1579415572725 0.6983968 18
1579415572738 0.731372 19
1579415572753 0.7322172 20
1579415572766 0.70884866 21
1579415572779 0.70536697 22
1579415572792 0.6886547 23
1579415572805 0.6926242 24
1579415572818 0.7377148 25
1579415572835 0.66183436 26
1579415572850 0.7220205 27
1579415572863 0.6250669 28
1579415572877 0.7327309 29
1579415572890 0.7298967 30
1579415572903 0.6649498 31
1579415572917 0.7146491 32
1579415572930 0.70744455 33
1579415572944 0.6828225 34
1579415572958 0.6563383 35
1579415572972 0.69543755 36
1579415572985 0.72980005 37
1579415573003 0.65858257 38
1579415573028 0.6867954 39
1579415573049 0.61612314 40
1579415573074 0.68204886 41
1579415573100 0.71329534 42
1579415573122 0.7126914 43
