1579415517087 0.58426964 1
1579415517108 0.68820226 2
1579415517131 0.73455054 3
1579415517149 0.79634833 4
1579415517166 0.7823034 5
1579415517182 0.7668539 6
1579415517204 0.78089887 7
1579415517221 0.7991573 8
1579415517238 0.79353935 9
1579415517254 0.7921348 10
1579415517276 0.8005618 11
1579415517292 0.78651685 12
1579415517314 0.8146067 13
1579415517328 0.8202247 14
1579415517342 0.8244382 15
1579415517355 0.7949438 16
1579415517368 0.8033708 17
1579415517384 0.8244382 18
1579415517397 0.8244382 19
1579415517410 0.79634833 20
1579415517424 0.7977528 21
1579415517437 0.8075843 22
1579415517451 0.8230337 23
1579415517464 0.8300562 24
1579415517478 0.8146067 25
1579415517491 0.83146065 26
1579415517504 0.8174157 27
1579415517518 0.83426964 28
1579415517531 0.81179774 29
1579415517544 0.8497191 30
1579415517557 0.83146065 31
1579415517571 0.8202247 32
1579415517584 0.8300562 33
