1579415518560 0.27987108 1
1579415518574 0.5374535 2
1579415518587 0.55852556 3
1579415518601 0.70891684 4
1579415518615 0.640642 5
1579415518629 0.5909356 6
1579415518642 0.70488685 7
1579415518656 0.7189131 8
1579415518670 0.6848779 9
1579415518684 0.7004559 10
1579415518698 0.684526 11
1579415518711 0.6933406 12
1579415518726 0.74337745 13
1579415518740 0.7532702 14
1579415518753 0.73787403 15
1579415518767 0.68495244 16
1579415518781 0.7257064 17
1579415518796 0.7507975 18
1579415518809 0.7325433 19
1579415518823 0.69101286 20
1579415518837 0.6889596 21
1579415518855 0.71100074 22
1579415518869 0.7402174 23
1579415518883 0.73676854 24
1579415518897 0.732264 25
1579415518911 0.7640607 26
1579415518924 0.738122 27
1579415518939 0.7631478 28
1579415518953 0.7015156 29
1579415518967 0.76912457 30
1579415518981 0.75812244 31
1579415518994 0.71985006 32
1579415519008 0.7625394 33
