1579415518044 0.45011258 1
1579415518058 0.69707537 2
1579415518072 0.8025611 3
1579415518085 0.7642655 4
1579415518099 0.7306669 5
1579415518112 0.80117154 6
1579415518126 0.7594182 7
1579415518139 0.7953298 8
1579415518153 0.7922828 9
1579415518166 0.7616009 10
1579415518181 0.8475678 11
1579415518195 0.8322697 12
1579415518209 0.7964235 13
1579415518223 0.84212136 14
1579415518236 0.7980802 15
1579415518251 0.79043823 16
1579415518264 0.83071584 17
1579415518280 0.8560281 18
1579415518301 0.79266983 19
1579415518323 0.8357983 20
1579415518345 0.8534987 21
1579415518369 0.80367786 22
1579415518392 0.83588964 23
1579415518412 0.8438361 24
1579415518429 0.8425972 25
1579415518445 0.8739035 26
1579415518461 0.85335994 27
1579415518476 0.8349381 28
1579415518489 0.8171831 29
1579415518503 0.8733067 30
1579415518517 0.82428163 31
1579415518531 0.8614023 32
1579415518546 0.82458067 33
