1579415517597 0.3057653 1
1579415517610 0.53364235 2
1579415517623 0.46725902 3
1579415517637 0.66908306 4
1579415517651 0.6338208 5
1579415517665 0.54403526 6
1579415517679 0.6911413 7
1579415517692 0.6678303 8
1579415517705 0.623879 9
1579415517719 0.67826676 10
1579415517732 0.59925395 11
1579415517745 0.61941856 12
1579415517758 0.7077287 13
1579415517771 0.69132847 14
1579415517785 0.690335 15
1579415517798 0.63304895 16
1579415517811 0.6793781 17
1579415517825 0.68221587 18
1579415517838 0.6861024 19
1579415517852 0.61780125 20
1579415517867 0.5976344 21
1579415517881 0.6511929 22
1579415517895 0.6875904 23
1579415517911 0.65857965 24
1579415517924 0.65845567 25
1579415517937 0.6888229 26
1579415517950 0.67428356 27
1579415517963 0.7046098 28
1579415517977 0.62032765 29
1579415517990 0.69096464 30
1579415518003 0.7197693 31
1579415518017 0.62935245 32
1579415518030 0.71115893 33
