1579415167862 0.61657304 1
1579415167878 0.38202247 2
1579415167896 0.61657304 3
1579415167919 0.51825845 4
1579415167937 0.6235955 5
1579415167957 0.4733146 6
1579415167976 0.627809 7
1579415167996 0.6516854 8
1579415168015 0.5575843 9
1579415168033 0.6699438 10
1579415168048 0.5758427 11
1579415168064 0.69101125 12
1579415168079 0.58426964 13
1579415168095 0.67134833 14
1579415168109 0.61376405 15
1579415168127 0.6853933 16
1579415168143 0.4747191 17
1579415168156 0.6783708 18
1579415168169 0.6727528 19
1579415168181 0.625 20
1579415168194 0.6516854 21
1579415168208 0.6123595 22
1579415168222 0.6573034 23
1579415168235 0.6235955 24
1579415168248 0.6601124 25
1579415168261 0.49297753 26
1579415168273 0.68820226 27
1579415168288 0.60955054 28
1579415168303 0.6853933 29
1579415168317 0.59410113 30
1579415168330 0.68398875 31
1579415168343 0.6502809 32
1579415168357 0.69382024 33
1579415168370 0.627809 34
1579415168384 0.7022472 35
1579415168396 0.5898876 36
1579415168409 0.6544944 37
