1579415169480 0.0 1
1579415169493 0.5528455 2
1579415169506 0.0 3
1579415169519 0.40139613 4
1579415169533 0.05633802 5
1579415169547 0.50592875 6
1579415169561 0.07017543 7
1579415169574 0.225 8
1579415169587 0.51761097 9
1579415169601 0.34173664 10
1579415169614 0.54790413 11
1579415169627 0.4148936 12
1579415169641 0.573487 13
1579415169654 0.42926824 14
1579415169668 0.58521867 15
1579415169681 0.442786 16
1579415169695 0.5547618 17
1579415169710 0.386059 18
1579415169723 0.5786618 19
1579415169736 0.54358965 20
1579415169749 0.53558046 21
1579415169763 0.5792683 22
1579415169776 0.47186145 23
1579415169790 0.5533332 24
1579415169807 0.3919598 25
1579415169823 0.5747938 26
1579415169837 0.33928567 27
1579415169851 0.6073445 28
1579415169864 0.47417837 29
1579415169878 0.5361155 30
1579415169891 0.46043167 31
1579415169904 0.63220084 32
1579415169918 0.49302325 33
1579415169931 0.6283309 34
1579415169944 0.48039213 35
1579415169958 0.60962564 36
1579415169974 0.2678571 37
