1579415168910 0.0 1
1579415168923 0.38255978 2
1579415168936 0.0 3
1579415168949 0.38333333 4
1579415168962 0.72727275 5
1579415168976 0.39506173 6
1579415168994 0.8333333 7
1579415169015 0.7659575 8
1579415169037 0.44473684 9
1579415169060 0.72619045 10
1579415169084 0.46329114 11
1579415169107 0.75728154 12
1579415169128 0.4726841 13
1579415169143 0.6423358 14
1579415169159 0.4974359 15
1579415169175 0.68992245 16
1579415169189 0.41093475 17
1579415169202 0.72 18
1579415169217 0.5714286 19
1579415169230 0.50961536 20
1579415169243 0.54789275 21
1579415169256 0.49608356 22
1579415169269 0.5767196 23
1579415169282 0.50764525 24
1579415169299 0.624 25
1579415169314 0.4236111 26
1579415169330 0.9047619 27
1579415169346 0.49425286 28
1579415169359 0.66013074 29
1579415169372 0.47714287 30
1579415169385 0.6666667 31
1579415169399 0.52970296 32
1579415169413 0.6751592 33
1579415169427 0.5090909 34
1579415169440 0.7259259 35
1579415169453 0.48 36
1579415169467 0.71428573 37
