1579415168422 0.0 1
1579415168434 0.996337 2
1579415168447 0.0 3
1579415168461 0.42124543 4
1579415168474 0.02930403 5
1579415168487 0.7032967 6
1579415168500 0.03663004 7
1579415168514 0.13186814 8
1579415168527 0.61904764 9
1579415168539 0.22344323 10
1579415168552 0.6703297 11
1579415168565 0.2857143 12
1579415168579 0.72893775 13
1579415168593 0.32234433 14
1579415168607 0.7106227 15
1579415168620 0.32600734 16
1579415168633 0.85347986 17
1579415168646 0.26373628 18
1579415168658 0.5860806 19
1579415168671 0.5824176 20
1579415168684 0.52380955 21
1579415168697 0.6959707 22
1579415168711 0.3992674 23
1579415168724 0.60805863 24
1579415168737 0.2857143 25
1579415168750 0.8937729 26
1579415168762 0.20879121 27
1579415168775 0.7875458 28
1579415168790 0.36996338 29
1579415168805 0.61172163 30
1579415168820 0.35164836 31
1579415168833 0.7838828 32
1579415168845 0.3882784 33
1579415168858 0.82051283 34
1579415168871 0.35897437 35
1579415168884 0.83516484 36
1579415168896 0.16483517 37
