1579398085242 0.49 1
1579398085257 0.513 2
1579398085279 0.493 3
1579398085302 0.511 4
1579398085327 0.509 5
1579398085351 0.493 6
1579398085376 0.498 7
1579398085393 0.51 8
1579398085408 0.498 9
1579398085423 0.502 10
1579398085438 0.517 11
1579398085452 0.489 12
1579398085465 0.499 13
1579398085477 0.492 14
1579398085489 0.514 15
1579398085502 0.488 16
1579398085514 0.486 17
1579398085526 0.484 18
1579398085538 0.512 19
1579398085550 0.49 20
1579398085562 0.5 21
1579398085574 0.51 22
1579398085587 0.515 23
1579398085599 0.498 24
1579398085611 0.522 25
1579398085623 0.498 26
1579398085635 0.498 27
1579398085647 0.515 28
1579398085659 0.493 29
1579398085671 0.476 30
1579398085684 0.515 31
1579398085696 0.504 32
1579398085708 0.496 33
1579398085723 0.474 34
1579398085739 0.501 35
1579398085753 0.508 36
1579398085768 0.498 37
1579398085780 0.523 38
1579398085792 0.479 39
1579398085804 0.515 40
1579398085816 0.498 41
1579398085830 0.51 42
1579398085842 0.489 43
1579398085854 0.515 44
1579398085866 0.498 45
1579398085878 0.497 46
1579398085890 0.492 47
1579398085902 0.51 48
1579398085914 0.5 49
