1579398087233 0.47610733 1
1579398087248 0.4947912 2
1579398087263 0.4174761 3
1579398087276 0.44585377 4
1579398087290 0.39094552 5
1579398087302 0.47772953 6
1579398087314 0.43152192 7
1579398087329 0.4468728 8
1579398087344 0.35863814 9
1579398087358 0.45301357 10
1579398087371 0.4394515 11
1579398087385 0.4456818 12
1579398087398 0.24274114 13
1579398087411 0.43850344 14
1579398087424 0.5459576 15
1579398087436 0.47454685 16
1579398087449 0.3805994 17
1579398087461 0.38028997 18
1579398087475 0.5830609 19
1579398087487 0.38102368 20
1579398087501 0.5777478 21
1579398087513 0.39256114 22
1579398087526 0.6778469 23
1579398087538 0.38563463 24
1579398087551 0.39711756 25
1579398087563 0.5735088 26
1579398087576 0.38635525 27
1579398087589 0.67536116 28
1579398087602 0.29055405 29
1579398087614 0.472235 30
1579398087627 0.67982346 31
1579398087639 0.5761509 32
1579398087652 0.38449344 33
1579398087665 0.3765194 34
1579398087678 0.48192692 35
1579398087691 0.5809862 36
1579398087704 0.38815135 37
1579398087716 0.5866532 38
1579398087728 0.2828159 39
1579398087745 0.67734146 40
1579398087760 0.38684386 41
1579398087776 0.5817055 42
1579398087789 0.28763846 43
1579398087801 0.67938125 44
1579398087814 0.3860158 45
1579398087829 0.38479322 46
1579398087841 0.38458174 47
1579398087854 0.58112425 48
1579398087866 0.48234373 49
