1579398086600 0.4326519 1
1579398086612 0.5390063 2
1579398086624 0.5315077 3
1579398086637 0.50839 4
1579398086649 0.55284405 5
1579398086661 0.5039149 6
1579398086674 0.47325706 7
1579398086687 0.40904006 8
1579398086700 0.42466742 9
1579398086713 0.37222287 10
1579398086725 0.5306147 11
1579398086741 0.49843243 12
1579398086756 0.39391285 13
1579398086770 0.36009842 14
1579398086785 0.4492539 15
1579398086800 0.35721204 16
1579398086814 0.28572252 17
1579398086827 0.28570607 18
1579398086840 0.44240752 19
1579398086852 0.28694963 20
1579398086865 0.43586007 21
1579398086878 0.29953384 22
1579398086891 0.51338303 23
1579398086904 0.2913146 24
1579398086916 0.30464825 25
1579398086928 0.43273872 26
1579398086941 0.29226995 27
1579398086953 0.5117113 28
1579398086965 0.2203225 29
1579398086978 0.35276967 30
1579398086992 0.5155326 31
1579398087004 0.43565416 32
1579398087016 0.29034278 33
1579398087028 0.28084698 34
1579398087040 0.36491737 35
1579398087053 0.4399862 36
1579398087065 0.29465833 37
1579398087078 0.44703597 38
1579398087092 0.21184793 39
1579398087105 0.51290536 40
1579398087118 0.29274765 41
1579398087130 0.4404803 42
1579398087143 0.21646819 43
1579398087156 0.51457727 44
1579398087168 0.2927476 45
1579398087181 0.29154518 46
1579398087193 0.29054865 47
1579398087206 0.44119683 48
1579398087219 0.36443147 49
