1579398085926 0.6727877 1
1579398085939 0.5701334 2
1579398085951 0.48508626 3
1579398085963 0.49785203 4
1579398085974 0.48037502 5
1579398085986 0.57052386 6
1579398085998 0.517219 7
1579398086009 0.5629268 8
1579398086021 0.41310272 9
1579398086036 0.6170521 10
1579398086050 0.5231628 11
1579398086061 0.5910515 12
1579398086073 0.3143622 13
1579398086085 0.5735283 14
1579398086097 0.71367705 15
1579398086110 0.70807457 16
1579398086122 0.5714286 17
1579398086134 0.5714286 18
1579398086146 0.85714287 19
1579398086158 0.5714286 20
1579398086170 0.85714287 21
1579398086182 0.5714286 22
1579398086194 1.0 23
1579398086206 0.5714286 24
1579398086217 0.5714286 25
1579398086234 0.85714287 26
1579398086250 0.5714286 27
1579398086264 1.0 28
1579398086276 0.42857143 29
1579398086288 0.71428573 30
1579398086300 1.0 31
1579398086312 0.85714287 32
1579398086326 0.5714286 33
1579398086339 0.5714286 34
1579398086351 0.71428573 35
1579398086363 0.85714287 36
1579398086376 0.5714286 37
1579398086394 0.85714287 38
1579398086414 0.42857143 39
1579398086437 1.0 40
1579398086460 0.5714286 41
1579398086481 0.85714287 42
1579398086500 0.42857143 43
1579398086516 1.0 44
1579398086531 0.5714286 45
1579398086546 0.5714286 46
1579398086561 0.5714286 47
1579398086575 0.85714287 48
1579398086587 0.71428573 49
