1605143839462 0.6095505617977528 1
1605143839484 0.6137640449438202 2
1605143839511 0.6165730337078652 3
1605143839533 0.6193820224719101 4
1605143839575 0.6221910112359551 5
1605143839602 0.6137640449438202 6
1605143839622 0.6207865168539326 7
1605143839642 0.6235955056179775 8
1605143839662 0.6278089887640449 9
1605143839681 0.6306179775280899 10
1605143839699 0.6264044943820225 11
1605143839715 0.6292134831460674 12
1605143839730 0.6362359550561798 13
1605143839745 0.6418539325842697 14
1605143839761 0.6460674157303371 15
1605143839783 0.6502808988764045 16
1605143839805 0.6671348314606742 17
1605143839822 0.6530898876404494 18
1605143839842 0.6530898876404494 19
1605143839858 0.6671348314606742 20
1605143839879 0.6811797752808989 21
1605143839903 0.6713483146067416 22
1605143839922 0.6797752808988764 23
1605143839940 0.6741573033707865 24
1605143839959 0.6882022471910112 25
1605143839980 0.6896067415730337 26
1605143839998 0.6966292134831461 27
1605143840015 0.699438202247191 28
1605143840034 0.7064606741573034 29
1605143840054 0.7120786516853933 30
1605143840089 0.702247191011236 31
1605143840112 0.7176966292134831 32
1605143840133 0.7078651685393258 33
1605143840154 0.723314606741573 34
1605143840174 0.7106741573033708 35
1605143840190 0.726123595505618 36
1605143840210 0.7205056179775281 37
1605143840224 0.7317415730337079 38
1605143840237 0.7415730337078652 39
1605143840253 0.7401685393258427 40
1605143840269 0.7415730337078652 41
1605143840286 0.7443820224719101 42
1605143840299 0.7457865168539326 43
1605143840313 0.7542134831460674 44
1605143840327 0.7443820224719101 45
1605143840341 0.7584269662921348 46
1605143840356 0.7612359550561798 47
1605143840371 0.7556179775280899 48
1605143840385 0.7471910112359551 49
1605143840399 0.7654494382022472 50
