1605143842314 0.07938121945670482 1
1605143842332 0.02669044358007024 2
1605143842349 0.045435917511414944 3
1605143842369 0.025021770696961477 4
1605143842396 0.05024807975533303 5
1605143842413 0.013078887810867823 6
1605143842432 0.025098599074931626 7
1605143842456 0.0591468389114637 8
1605143842481 0.05476035294907816 9
1605143842504 0.0703445291251279 10
1605143842526 0.04369167531474253 11
1605143842546 0.07523597894089945 12
1605143842569 0.10416940356908219 13
1605143842589 0.1423758730459749 14
1605143842607 0.14264767625358668 15
1605143842628 0.18268589290340295 16
1605143842650 0.24606524290663473 17
1605143842668 0.19579706098256486 18
1605143842687 0.20704868770717236 19
1605143842708 0.24829818961325656 20
1605143842728 0.30260851409997835 21
1605143842746 0.2947091172250469 22
1605143842765 0.3169856821553091 23
1605143842785 0.2929909122124147 24
1605143842804 0.35397185368484324 25
1605143842824 0.346269715368078 26
1605143842847 0.3753164149402233 27
1605143842863 0.380328527997049 28
1605143842878 0.3910904935236727 29
1605143842892 0.418511883596356 30
1605143842907 0.40930649939547764 31
1605143842921 0.4482705539531922 32
1605143842936 0.42274967606148023 33
1605143842951 0.46871850966067796 34
1605143842966 0.44094165389457446 35
1605143842982 0.472386030668623 36
1605143842998 0.46239790052510377 37
1605143843014 0.48938271838627506 38
1605143843031 0.5278140021843857 39
1605143843046 0.5199238102087814 40
1605143843062 0.5259153916594688 41
1605143843088 0.5335791271724059 42
1605143843113 0.5594547039337372 43
1605143843152 0.5756702778044711 44
1605143843183 0.5355915460693702 45
1605143843205 0.5749666674083538 46
1605143843225 0.585118565331684 47
1605143843248 0.5656023079089905 48
1605143843272 0.5571838101644194 49
1605143843299 0.5951906656951047 50
