1605143841241 0.39550561047671884 1
1605143841262 0.23970035488685865 2
1605143841286 0.4044943605915884 3
1605143841313 0.2696628999174311 4
1605143841343 0.3295880060517386 5
1605143841370 0.13483144995871554 6
1605143841401 0.2696628999174311 7
1605143841473 0.37453181556101595 8
1605143841500 0.5393257998348622 9
1605143841531 0.6292134402843004 10
1605143841552 0.44943817010086573 11
1605143841578 0.5393258105503039 12
1605143841601 0.7640449009584577 13
1605143841618 0.9138576368267617 14
1605143841636 0.7790261975834879 15
1605143841651 0.8202247124039725 16
1605143841668 0.9271268094523569 17
1605143841689 0.9181380218334412 18
1605143841707 0.8254681584540378 19
1605143841728 0.8410914935422747 20
1605143841750 0.9138576743308078 21
1605143841775 0.8282504014754564 22
1605143841797 0.8610665289203773 23
1605143841822 0.8676654180783904 24
1605143841846 0.8571428609698006 25
1605143841870 0.8987693987535627 26
1605143841892 0.8253968297765496 27
1605143841913 0.8880490292324109 28
1605143841934 0.8898487345556195 29
1605143841952 0.89095773589745 30
1605143841969 0.8641862494222233 31
1605143841987 0.8757592051216726 32
1605143842003 0.8935972907569971 33
1605143842018 0.8621658033199524 34
1605143842033 0.8554429365008065 35
1605143842047 0.8636813913838247 36
1605143842065 0.8470061749554751 37
1605143842087 0.8558609981215402 38
1605143842104 0.8764926717522439 39
1605143842125 0.8487577384777283 40
1605143842146 0.835052929567487 41
1605143842163 0.8589519168553728 42
1605143842181 0.8496424897333209 43
1605143842198 0.8504538415523057 44
1605143842214 0.8582660803634129 45
1605143842231 0.8757131916753361 46
1605143842248 0.8716138440571474 47
1605143842265 0.8468247799391158 48
1605143842281 0.8215840050343717 49
1605143842298 0.8539230743151033 50
