1605143840412 0.04511785976002725 1
1605143840426 0.014393546608056916 2
1605143840439 0.02416935529601708 3
1605143840453 0.013269128256969237 4
1605143840466 0.027386097760682696 5
1605143840481 0.00691443413830875 6
1605143840499 0.013226324587725522 7
1605143840520 0.03277170925997616 8
1605143840537 0.028990156195136937 9
1605143840555 0.037453991978356006 10
1605143840574 0.023051106862807542 11
1605143840595 0.04129643152269085 12
1605143840618 0.05701856532793367 13
1605143840639 0.07905209734198752 14
1605143840660 0.08083867892790376 15
1605143840676 0.10651497961430068 16
1605143840692 0.14595761526836437 17
1605143840707 0.1137572620691878 18
1605143840722 0.12130502184455315 19
1605143840737 0.1481091795342692 20
1605143840751 0.18222508537635373 21
1605143840765 0.18425647027037118 22
1605143840779 0.1996774251541395 23
1605143840793 0.1810214857706863 24
1605143840808 0.2255721212772841 25
1605143840824 0.2259132353107581 26
1605143840840 0.24617701065674258 27
1605143840855 0.25101435050535736 28
1605143840870 0.2613548586207829 29
1605143840885 0.2827387766891651 30
1605143840899 0.2726726866839977 31
1605143840913 0.3033306920126583 32
1605143840929 0.2867243777165252 33
1605143840945 0.3314404902833231 34
1605143840960 0.3050747239187862 35
1605143840976 0.3302554066261549 36
1605143840990 0.32297367125414733 37
1605143841004 0.3516249983163362 38
1605143841018 0.38395142789637104 39
1605143841033 0.3810588660534848 40
1605143841047 0.3883415728472592 41
1605143841062 0.39238157868385315 42
1605143841082 0.42149175100781944 43
1605143841097 0.44213247299194336 44
1605143841111 0.3976520179362779 45
1605143841126 0.43590599633334726 46
1605143841146 0.4568342894650577 47
1605143841173 0.4338670995798004 48
1605143841197 0.42947333783246155 49
1605143841221 0.4621901927369364 50
