1579419848796 0.46488765 1
1579419848810 0.58567417 2
1579419848827 0.66151685 3
1579419848844 0.71207863 4
1579419848860 0.6418539 5
1579419848883 0.7331461 6
1579419848901 0.7738764 7
1579419848924 0.78651685 8
1579419848944 0.7373595 9
1579419848964 0.8075843 10
1579419848983 0.7429775 11
1579419849001 0.7626405 12
1579419849018 0.8174157 13
1579419849035 0.7991573 14
1579419849051 0.81601125 15
1579419849066 0.7570225 16
1579419849080 0.8202247 17
1579419849094 0.7766854 18
1579419849109 0.81320226 19
1579419849123 0.80617976 20
1579419849137 0.80898875 21
1579419849151 0.73174155 22
1579419849165 0.7977528 23
1579419849179 0.83146065 24
1579419849193 0.8202247 25
1579419849208 0.82865167 26
1579419849222 0.7949438 27
1579419849237 0.80898875 28
1579419849251 0.8230337 29
1579419849265 0.78370786 30
1579419849281 0.8047753 31
1579419849304 0.8047753 32
1579419849323 0.8258427 33
1579419849344 0.81882024 34
1579419849366 0.8216292 35
1579419849389 0.80898875 36
1579419849411 0.8216292 37
1579419849430 0.7823034 38
1579419849451 0.8047753 39
1579419849475 0.82865167 40
1579419849496 0.82865167 41
1579419849528 0.8328652 42
1579419849546 0.81882024 43
1579419849564 0.80898875 44
1579419849581 0.78651685 45
1579419849598 0.82865167 46
