1579419851300 0.30103308 1
1579419851315 0.30427432 2
1579419851331 0.44791162 3
1579419851346 0.584616 4
1579419851361 0.48240745 5
1579419851376 0.5847861 6
1579419851391 0.67766035 7
1579419851406 0.65857 8
1579419851421 0.6175439 9
1579419851436 0.7399116 10
1579419851451 0.6235869 11
1579419851466 0.60946935 12
1579419851486 0.7479403 13
1579419851505 0.71490514 14
1579419851523 0.6969856 15
1579419851541 0.6251396 16
1579419851556 0.7482469 17
1579419851571 0.6551405 18
1579419851587 0.7371515 19
1579419851602 0.7137004 20
1579419851619 0.72181237 21
1579419851636 0.56219184 22
1579419851652 0.70932317 23
1579419851667 0.76723504 24
1579419851682 0.74813104 25
1579419851697 0.75320804 26
1579419851712 0.69207495 27
1579419851728 0.6811646 28
1579419851743 0.7454999 29
1579419851758 0.66122377 30
1579419851773 0.6879502 31
1579419851790 0.7162953 32
1579419851805 0.7546539 33
1579419851820 0.7207741 34
1579419851835 0.7483436 35
1579419851850 0.70912504 36
1579419851864 0.7522155 37
1579419851880 0.6813192 38
1579419851895 0.73219234 39
1579419851910 0.7580711 40
1579419851925 0.7411207 41
1579419851940 0.76159346 42
1579419851955 0.72301924 43
1579419851970 0.7318352 44
1579419851988 0.6805891 45
1579419852008 0.7596166 46
