1579419850431 0.25566876 1
1579419850446 0.326721 2
1579419850460 0.56492674 3
1579419850480 0.6624632 4
1579419850498 0.7220244 5
1579419850516 0.7074925 6
1579419850534 0.7548014 7
1579419850551 0.7964293 8
1579419850566 0.74621713 9
1579419850581 0.78595763 10
1579419850595 0.7098343 11
1579419850610 0.7965732 12
1579419850625 0.7970578 13
1579419850639 0.7855166 14
1579419850661 0.83283913 15
1579419850685 0.8125588 16
1579419850712 0.7947678 17
1579419850736 0.8400657 18
1579419850762 0.78474027 19
1579419850792 0.81105995 20
1579419850819 0.8335625 21
1579419850848 0.84070677 22
1579419850874 0.788065 23
1579419850900 0.8279659 24
1579419850925 0.8315183 25
1579419850951 0.8342432 26
1579419850974 0.81710553 27
1579419850993 0.85352045 28
1579419851011 0.8495488 29
1579419851029 0.8004215 30
1579419851049 0.8220889 31
1579419851067 0.80541867 32
1579419851085 0.81181365 33
1579419851103 0.8529298 34
1579419851119 0.80989426 35
1579419851134 0.8378426 36
1579419851149 0.8342511 37
1579419851164 0.82499295 38
1579419851179 0.80032563 39
1579419851194 0.82233715 40
1579419851209 0.82747823 41
1579419851224 0.8404742 42
1579419851238 0.8074318 43
1579419851253 0.81341 44
1579419851268 0.84496915 45
1579419851283 0.8031079 46
