1579419849612 0.5368031 1
1579419849627 0.32733917 2
1579419849641 0.38702145 3
1579419849655 0.53194404 4
1579419849670 0.50509465 5
1579419849688 0.51135564 6
1579419849709 0.62050474 7
1579419849733 0.60859233 8
1579419849760 0.6051699 9
1579419849784 0.7062445 10
1579419849812 0.61639565 11
1579419849839 0.55833185 12
1579419849865 0.70644164 13
1579419849891 0.6688132 14
1579419849914 0.63273895 15
1579419849941 0.57847404 16
1579419849969 0.7217169 17
1579419849993 0.57387424 18
1579419850011 0.7020284 19
1579419850029 0.6569821 20
1579419850046 0.64048886 21
1579419850062 0.50361174 22
1579419850078 0.6676101 23
1579419850093 0.71519697 24
1579419850108 0.6868044 25
1579419850124 0.70970523 26
1579419850140 0.6165324 27
1579419850154 0.6131718 28
1579419850169 0.6692549 29
1579419850183 0.61889875 30
1579419850197 0.62809265 31
1579419850212 0.6487709 32
1579419850226 0.7082551 33
1579419850241 0.6435629 34
1579419850255 0.7028207 35
1579419850269 0.64944935 36
1579419850284 0.7024399 37
1579419850300 0.6232224 38
1579419850314 0.6806469 39
1579419850328 0.7053708 40
1579419850343 0.675964 41
1579419850357 0.6979306 42
1579419850372 0.65854204 43
1579419850386 0.6846423 44
1579419850401 0.6079978 45
1579419850416 0.7272903 46
