1579456921821 0.5238764 1
1579456921839 0.69382024 2
1579456921861 0.74157304 3
1579456921883 0.747191 4
1579456921910 0.78651685 5
1579456921934 0.7780899 6
1579456921960 0.78651685 7
1579456921986 0.81882024 8
1579456922005 0.7851124 9
1579456922022 0.81882024 10
1579456922040 0.83146065 11
1579456922058 0.8230337 12
1579456922076 0.7738764 13
1579456922092 0.82865167 14
1579456922107 0.8272472 15
1579456922124 0.83567417 16
1579456922142 0.8258427 17
1579456922159 0.8202247 18
1579456922176 0.8216292 19
1579456922197 0.83567417 20
1579456922215 0.81882024 21
1579456922236 0.8244382 22
1579456922256 0.8328652 23
1579456922281 0.8300562 24
1579456922301 0.8230337 25
1579456922320 0.8398876 26
1579456922339 0.82865167 27
1579456922359 0.84129214 28
1579456922380 0.8426966 29
1579456922395 0.81882024 30
