1579456923310 0.25643662 1
1579456923327 0.38218156 2
1579456923344 0.51773965 3
1579456923359 0.61746305 4
1579456923374 0.665875 5
1579456923392 0.68484277 6
1579456923412 0.6606612 7
1579456923431 0.7472305 8
1579456923451 0.66629267 9
1579456923469 0.7577719 10
1579456923490 0.7662589 11
1579456923508 0.74438643 12
1579456923528 0.66764694 13
1579456923543 0.7627435 14
1579456923558 0.7609256 15
1579456923573 0.7580755 16
1579456923588 0.76132536 17
1579456923603 0.7364118 18
1579456923618 0.7536604 19
1579456923632 0.766383 20
1579456923647 0.74929696 21
1579456923662 0.7399146 22
1579456923677 0.7675454 23
1579456923693 0.7665327 24
1579456923710 0.7535421 25
1579456923725 0.77776694 26
1579456923740 0.7493245 27
1579456923755 0.7798063 28
1579456923770 0.7781875 29
1579456923785 0.74864763 30
