1579456922855 0.5768929 1
1579456922869 0.84294873 2
1579456922884 0.8561948 3
1579456922899 0.7618857 4
1579456922913 0.8148148 5
1579456922929 0.7605994 6
1579456922945 0.86596817 7
1579456922960 0.7804653 8
1579456922974 0.8191406 9
1579456922988 0.78637004 10
1579456923004 0.81168836 11
1579456923022 0.829119 12
1579456923038 0.7832554 13
1579456923052 0.8161373 14
1579456923068 0.8052289 15
1579456923083 0.8596473 16
1579456923098 0.8028929 17
1579456923113 0.8571747 18
1579456923128 0.79783314 19
1579456923143 0.8484656 20
1579456923158 0.7956999 21
1579456923173 0.86426765 22
1579456923189 0.8237295 23
1579456923205 0.8211654 24
1579456923220 0.8040791 25
1579456923235 0.8395011 26
1579456923249 0.8488323 27
1579456923264 0.82665807 28
1579456923279 0.8527182 29
1579456923295 0.7962627 30
