1579456922409 0.38533735 1
1579456922424 0.2550101 2
1579456922438 0.40205038 3
1579456922452 0.5802379 4
1579456922467 0.5849767 5
1579456922481 0.6509051 6
1579456922496 0.5787111 7
1579456922510 0.71913576 8
1579456922525 0.5923049 9
1579456922540 0.73360205 10
1579456922554 0.7270631 11
1579456922569 0.68065304 12
1579456922586 0.6227461 13
1579456922602 0.71753407 14
1579456922616 0.72361326 15
1579456922631 0.6806498 16
1579456922645 0.73291093 17
1579456922659 0.66375166 18
1579456922674 0.72034997 19
1579456922690 0.7002168 20
1579456922705 0.71472 21
1579456922721 0.66083354 22
1579456922735 0.72158384 23
1579456922750 0.72126895 24
1579456922764 0.7113723 25
1579456922779 0.7276921 26
1579456922793 0.6763644 27
1579456922807 0.7383933 28
1579456922824 0.7156532 29
1579456922839 0.72218055 30
