1579415146589 0.49438202 1
1579415146602 0.61657304 2
1579415146615 0.38342696 3
1579415146632 0.6179775 4
1579415146647 0.38342696 5
1579415146661 0.38483146 6
1579415146673 0.6348315 7
1579415146687 0.44803372 8
1579415146703 0.64325845 9
1579415146722 0.5238764 10
1579415146742 0.6446629 11
1579415146764 0.58426964 12
1579415146786 0.6348315 13
1579415146807 0.56882024 14
1579415146829 0.6699438 15
1579415146849 0.5969101 16
1579415146865 0.6502809 17
1579415146881 0.6502809 18
1579415146898 0.6755618 19
