1579415147430 0.5443037 1
1579415147443 0.0 2
1579415147456 0.5543147 3
1579415147469 0.014492751 4
1579415147482 0.5543147 5
1579415147496 0.554878 6
1579415147510 0.34673363 7
1579415147523 0.54671276 8
1579415147536 0.22085887 9
1579415147550 0.56258065 10
1579415147563 0.3324538 11
1579415147576 0.5854342 12
1579415147590 0.34673363 13
1579415147603 0.5845737 14
1579415147617 0.40506327 15
1579415147631 0.5997211 16
1579415147644 0.4195804 17
1579415147657 0.6139535 18
1579415147670 0.53521127 19
