1605143904482 0.6025280898876404 1
1605143904497 0.6109550561797753 2
1605143904511 0.6207865168539326 3
1605143904524 0.6151685393258427 4
1605143904538 0.6207865168539326 5
1605143904553 0.6221910112359551 6
1605143904566 0.6193820224719101 7
1605143904580 0.6264044943820225 8
1605143904593 0.6235955056179775 9
1605143904606 0.6306179775280899 10
1605143904620 0.6292134831460674 11
1605143904633 0.6306179775280899 12
1605143904647 0.6362359550561798 13
1605143904660 0.6474719101123596 14
1605143904674 0.6390449438202247 15
1605143904687 0.6404494382022472 16
1605143904700 0.6446629213483146 17
1605143904714 0.6558988764044944 18
1605143904727 0.6573033707865169 19
1605143904741 0.651685393258427 20
1605143904754 0.6615168539325843 21
1605143904767 0.6629213483146067 22
1605143904781 0.6769662921348315 23
1605143904794 0.6713483146067416 24
1605143904808 0.6853932584269663 25
1605143904821 0.6825842696629213 26
1605143904835 0.6910112359550562 27
1605143904848 0.6980337078651685 28
1605143904862 0.7120786516853933 29
1605143904876 0.7092696629213483 30
1605143904890 0.7036516853932584 31
1605143904903 0.7148876404494382 32
1605143904916 0.7078651685393258 33
1605143904930 0.7205056179775281 34
1605143904944 0.723314606741573 35
1605143904958 0.7359550561797753 36
1605143904971 0.7205056179775281 37
1605143904985 0.726123595505618 38
1605143904998 0.7289325842696629 39
1605143905012 0.7275280898876404 40
1605143905026 0.7303370786516854 41
1605143905039 0.7401685393258427 42
1605143905057 0.7331460674157303 43
1605143905077 0.7443820224719101 44
1605143905094 0.7359550561797753 45
1605143905110 0.7443820224719101 46
1605143905126 0.7387640449438202 47
1605143905142 0.75 48
1605143905159 0.75 49
1605143905175 0.7556179775280899 50
