1605143906796 0.0797200644953867 1
1605143906810 0.04825742392057783 2
1605143906824 0.07576656609438778 3
1605143906839 0.012938371535097614 4
1605143906852 0.04093097367983186 5
1605143906867 0.02712551194630312 6
1605143906881 0.05004635821567493 7
1605143906895 0.0734254771404052 8
1605143906909 0.062307091911187336 9
1605143906923 0.08819594142142306 10
1605143906938 0.08650224664238061 11
1605143906952 0.09883448715960041 12
1605143906966 0.11610100108586001 13
1605143906981 0.16979964027244054 14
1605143906996 0.14019869385140665 15
1605143907010 0.15222278739629166 16
1605143907024 0.17594081498263928 17
1605143907038 0.2343695538767268 18
1605143907053 0.22256194473652358 19
1605143907073 0.21066803543755178 20
1605143907089 0.2490089719884851 21
1605143907104 0.25984482283002874 22
1605143907118 0.3166605013140132 23
1605143907133 0.2837665867939424 24
1605143907148 0.33794371700018977 25
1605143907162 0.3287068833126111 26
1605143907176 0.3604010236397218 27
1605143907191 0.384768783376458 28
1605143907205 0.41840675707613484 29
1605143907219 0.43843328015188154 30
1605143907234 0.39855039622006794 31
1605143907248 0.44730474439899576 32
1605143907262 0.44160075736849497 33
1605143907276 0.46340641144956096 34
1605143907290 0.4734064712283317 35
1605143907305 0.5097906535930847 36
1605143907320 0.4569346877966034 37
1605143907334 0.47280983442670843 38
1605143907349 0.4851178490044026 39
1605143907363 0.4747892008738571 40
1605143907378 0.49180114168799327 41
1605143907393 0.5248828637466002 42
1605143907408 0.5143052895417374 43
1605143907423 0.5382524126031426 44
1605143907437 0.5087352575880758 45
1605143907451 0.5444405306591077 46
1605143907466 0.5243072188302372 47
1605143907483 0.5546230104532135 48
1605143907497 0.554833027084222 49
1605143907512 0.5549724744946769 50
