1605143905954 0.31610487150342276 1
1605143905969 0.34456927856702485 2
1605143905985 0.4419475458980946 3
1605143906002 0.1797752594679929 4
1605143906019 0.3595505403668693 5
1605143906037 0.3595505189359858 6
1605143906054 0.2696629133117333 7
1605143906078 0.5393257998348622 8
1605143906096 0.5842696200595813 9
1605143906114 0.584269630775023 10
1605143906135 0.6142321918787581 11
1605143906153 0.7191010807337386 12
1605143906170 0.8089887211831768 13
1605143906189 0.865168516555529 14
1605143906206 0.7093632770388314 15
1605143906224 0.5367576299088724 16
1605143906243 0.8314606527264199 17
1605143906261 0.8372391690029187 18
1605143906280 0.7393258435002873 19
1605143906299 0.8104868953147631 20
1605143906318 0.7982878564448839 21
1605143906339 0.8034242887175485 22
1605143906358 0.8509720028116462 23
1605143906376 0.8486891368801674 24
1605143906394 0.8488318129871668 25
1605143906413 0.8757981061935425 26
1605143906432 0.8621722808044948 27
1605143906449 0.8573568804880206 28
1605143906466 0.9179696715279911 29
1605143906485 0.8341650855675172 30
1605143906502 0.8411595941929335 31
1605143906519 0.8532062273346976 32
1605143906536 0.8470742769455641 33
1605143906553 0.86212975255559 34
1605143906568 0.8623259402392955 35
1605143906583 0.8755095085401213 36
1605143906597 0.8530952233946725 37
1605143906611 0.873986206697614 38
1605143906628 0.8371214371049003 39
1605143906642 0.847779557946023 40
1605143906655 0.8416123430380661 41
1605143906669 0.8490652930870485 42
1605143906683 0.8299372906095526 43
1605143906697 0.8763104596834504 44
1605143906711 0.8435170409384738 45
1605143906725 0.8450151668505722 46
1605143906739 0.8461189310202438 47
1605143906753 0.8708729476071475 48
1605143906767 0.8513170701734135 49
1605143906782 0.8527133277293002 50
