1605143905191 0.046443094363373315 1
1605143905207 0.02624564559272166 2
1605143905223 0.042873600560627625 3
1605143905239 0.006717147117250421 4
1605143905255 0.021893797630674384 5
1605143905271 0.014099809895740466 6
1605143905287 0.027998335575789547 7
1605143905301 0.04039675030815468 8
1605143905315 0.03318492984503842 9
1605143905329 0.04897087845909462 10
1605143905345 0.047303495447287396 11
1605143905359 0.054093557462263644 12
1605143905373 0.06401127844714047 13
1605143905389 0.09674487857336408 14
1605143905403 0.08072053482023518 15
1605143905416 0.09241424316770575 16
1605143905432 0.10177837328964405 17
1605143905448 0.139453253049529 18
1605143905465 0.1332162417722552 19
1605143905482 0.12351622876156582 20
1605143905501 0.15137205147341395 21
1605143905517 0.15939818741230483 22
1605143905535 0.19882216279426318 23
1605143905555 0.17286552606004008 24
1605143905571 0.21810092115670107 25
1605143905587 0.20923858110824328 26
1605143905603 0.23052238446942877 27
1605143905618 0.2561765594428845 28
1605143905634 0.27898794111241115 29
1605143905649 0.30161230751637663 30
1605143905664 0.26642630676205237 31
1605143905679 0.3082456454802095 32
1605143905693 0.3069472527236081 33
1605143905707 0.32305852449342104 34
1605143905721 0.33017550827412123 35
1605143905736 0.3666910147399045 36
1605143905749 0.32462306236952876 37
1605143905763 0.3344533751519878 38
1605143905777 0.3458775402454848 39
1605143905792 0.3362291970949494 40
1605143905806 0.35385628714320366 41
1605143905821 0.38461820931916824 42
1605143905836 0.3827018322569601 43
1605143905851 0.39419571837682404 44
1605143905866 0.36936055676320967 45
1605143905881 0.4041483589772428 46
1605143905896 0.38898305377263703 47
1605143905910 0.41618809807166623 48
1605143905925 0.4172547801157062 49
1605143905940 0.4237077771947625 50
