1579372584702 0.5099999904632568 0
1579372584795 0.4633333384990692 0
1579372584909 0.5066666603088379 0
1579372584990 0.4699999988079071 0
1579372585106 0.5233333110809326 0
1579372585204 0.5099999904632568 0
1579372585318 0.5199999809265137 0
1579372585413 0.503333330154419 0
1579372585547 0.4833333194255829 0
1579372585653 0.5233333110809326 0
1579372585793 0.5166666507720947 0
1579372585884 0.476666659116745 0
1579372586030 0.5166666507720947 0
1579372586128 0.503333330154419 0
1579372586282 0.5066666603088379 0
1579372586396 0.5133333206176758 0
1579372586547 0.4699999988079071 0
1579372586637 0.47333332896232605 0
1579372586769 0.4866666793823242 0
1579372586849 0.49000000953674316 0
