1579372584688 0.7126601950327556 0
1579372584780 0.6978238574663798 0
1579372584894 0.6942225050926208 0
1579372584977 0.6964219570159912 0
1579372585083 0.6963147640228271 0
1579372585192 0.699526440302531 0
1579372585293 0.6980001918474833 0
1579372585398 0.7021716197331747 0
1579372585517 0.6971894796689352 0
1579372585637 0.694166963895162 0
1579372585777 0.7000128213564555 0
1579372585868 0.7102704270680745 0
1579372586015 0.7064392073949178 0
1579372586105 0.7046689820289612 0
1579372586265 0.714882025718689 0
1579372586368 0.7058732859293619 0
1579372586532 0.7077313001950581 0
1579372586624 0.7386886350313823 0
1579372586753 0.7414497756958007 0
1579372586837 0.7214956823984782 0
