1579419790576 0.55898875 1
1579419790596 0.48595506 2
1579419790613 0.5744382 3
1579419790630 0.66432583 4
1579419790648 0.6980337 5
1579419790664 0.73876405 6
1579419790681 0.75842696 7
1579419790696 0.7485955 8
1579419790710 0.7991573 9
1579419790732 0.7626405 10
1579419790753 0.76123595 11
1579419790772 0.68117976 12
1579419790796 0.7991573 13
1579419790818 0.81882024 14
1579419790839 0.8272472 15
1579419790854 0.81882024 16
1579419790869 0.79353935 17
1579419790883 0.7176966 18
1579419790896 0.80898875 19
1579419790910 0.78370786 20
1579419790925 0.7401685 21
1579419790939 0.8019663 22
1579419790952 0.8216292 23
1579419790966 0.8075843 24
1579419790980 0.7766854 25
1579419790994 0.79634833 26
1579419791008 0.8272472 27
1579419791023 0.8258427 28
1579419791038 0.79073036 29
1579419791053 0.8047753 30
1579419791070 0.81179774 31
1579419791085 0.79353935 32
1579419791102 0.6530899 33
1579419791119 0.79634833 34
1579419791136 0.8216292 35
1579419791151 0.8272472 36
