1579419792275 0.28305858 1
1579419792291 0.32632926 2
1579419792305 0.49352482 3
1579419792319 0.40205267 4
1579419792333 0.5070463 5
1579419792351 0.59372276 6
1579419792369 0.6010909 7
1579419792383 0.64130354 8
1579419792399 0.7128649 9
1579419792414 0.6574492 10
1579419792428 0.61108667 11
1579419792442 0.52957827 12
1579419792456 0.7152218 13
1579419792470 0.7275696 14
1579419792484 0.75493234 15
1579419792499 0.74477345 16
1579419792514 0.67216223 17
1579419792528 0.5888116 18
1579419792542 0.7290759 19
1579419792557 0.6479554 20
1579419792572 0.62498695 21
1579419792586 0.6693549 22
1579419792601 0.74346954 23
1579419792614 0.71486074 24
1579419792629 0.6828177 25
1579419792643 0.680433 26
1579419792657 0.76087 27
1579419792672 0.7577348 28
1579419792690 0.70551205 29
1579419792707 0.70999986 30
1579419792722 0.7349713 31
1579419792736 0.6312453 32
1579419792751 0.45422545 33
1579419792765 0.68877155 34
1579419792783 0.74807996 35
1579419792798 0.7614098 36
