1579419791688 0.5464368 1
1579419791705 0.23765568 2
1579419791720 0.5121009 3
1579419791734 0.7071846 4
1579419791748 0.6966293 5
1579419791763 0.7451358 6
1579419791777 0.76461154 7
1579419791791 0.7501684 8
1579419791805 0.80775934 9
1579419791819 0.7524099 10
1579419791837 0.80553836 11
1579419791859 0.696204 12
1579419791882 0.7946047 13
1579419791905 0.81184345 14
1579419791928 0.83214045 15
1579419791951 0.82166666 16
1579419791970 0.8132717 17
1579419791986 0.7689888 18
1579419792003 0.85124964 19
1579419792019 0.8232952 20
1579419792033 0.7826217 21
1579419792048 0.8385744 22
1579419792063 0.8281829 23
1579419792077 0.82591015 24
1579419792091 0.75417906 25
1579419792106 0.8443196 26
1579419792120 0.8273544 27
1579419792134 0.81426907 28
1579419792149 0.7836051 29
1579419792163 0.82811093 30
1579419792179 0.802306 31
1579419792196 0.8502144 32
1579419792213 0.77577734 33
1579419792227 0.8279229 34
1579419792242 0.819489 35
1579419792256 0.813792 36
