1579419791167 0.39131653 1
1579419791184 0.5245902 2
1579419791201 0.52045053 3
1579419791218 0.38047278 4
1579419791232 0.40860793 5
1579419791245 0.50794524 6
1579419791260 0.5255772 7
1579419791275 0.5989644 8
1579419791289 0.638932 9
1579419791302 0.614966 10
1579419791316 0.53654957 11
1579419791330 0.54347414 12
1579419791344 0.6547994 13
1579419791359 0.66213745 14
1579419791373 0.69138765 15
1579419791387 0.68216944 16
1579419791401 0.5912802 17
1579419791415 0.5504189 18
1579419791429 0.6393289 19
1579419791443 0.57978696 20
1579419791458 0.5904531 21
1579419791472 0.5928677 22
1579419791486 0.67880344 23
1579419791500 0.63099617 24
1579419791514 0.6550215 25
1579419791528 0.5962556 26
1579419791542 0.7049982 27
1579419791558 0.7091785 28
1579419791572 0.65794396 29
1579419791586 0.6426964 30
1579419791600 0.6831644 31
1579419791614 0.5633076 32
1579419791627 0.4451648 33
1579419791641 0.6071105 34
1579419791655 0.6894043 35
1579419791670 0.7181547 36
