1605143787644 0.47752808988764045 1
1605143787660 0.5856741573033708 2
1605143787676 0.6067415730337079 3
1605143787692 0.6376404494382022 4
1605143787709 0.6474719101123596 5
1605143787725 0.6334269662921348 6
1605143787741 0.6530898876404494 7
1605143787758 0.6587078651685393 8
1605143787776 0.6643258426966292 9
1605143787796 0.6685393258426966 10
1605143787818 0.6615168539325843 11
1605143787835 0.6699438202247191 12
1605143787852 0.6671348314606742 13
1605143787869 0.6615168539325843 14
1605143787885 0.6741573033707865 15
1605143787899 0.6699438202247191 16
1605143787912 0.672752808988764 17
1605143787925 0.6797752808988764 18
1605143787939 0.6867977528089888 19
1605143787952 0.6839887640449438 20
1605143787965 0.6910112359550562 21
1605143787979 0.6882022471910112 22
1605143787992 0.6966292134831461 23
1605143788006 0.6952247191011236 24
1605143788019 0.7064606741573034 25
1605143788032 0.6952247191011236 26
1605143788046 0.702247191011236 27
1605143788059 0.702247191011236 28
1605143788078 0.702247191011236 29
1605143788091 0.7064606741573034 30
1605143788105 0.7148876404494382 31
1605143788122 0.7134831460674157 32
1605143788138 0.7134831460674157 33
1605143788151 0.7134831460674157 34
1605143788165 0.7191011235955056 35
1605143788178 0.723314606741573 36
1605143788192 0.726123595505618 37
1605143788205 0.7303370786516854 38
1605143788219 0.7275280898876404 39
1605143788232 0.7219101123595506 40
1605143788245 0.7289325842696629 41
1605143788259 0.7289325842696629 42
1605143788273 0.726123595505618 43
1605143788287 0.7289325842696629 44
1605143788301 0.7317415730337079 45
1605143788314 0.7471910112359551 46
1605143788328 0.7317415730337079 47
1605143788342 0.7401685393258427 48
1605143788356 0.7401685393258427 49
1605143788370 0.7387640449438202 50
