1605143789960 0.4947529294517603 1
1605143789974 0.47276665688900466 2
1605143789988 0.41555084539263437 3
1605143790002 0.33358307366960505 4
1605143790016 0.3221160481485088 5
1605143790030 0.22751421171627687 6
1605143790046 0.25403351127431634 7
1605143790061 0.2853686568442355 8
1605143790078 0.27277964152646866 9
1605143790093 0.28641559803084043 10
1605143790109 0.2580870888876111 11
1605143790127 0.29591730973693764 12
1605143790145 0.2819424881024307 13
1605143790164 0.2715522995155849 14
1605143790183 0.3102040310923973 15
1605143790201 0.2925062286719847 16
1605143790218 0.30460323510545023 17
1605143790235 0.3371764967280827 18
1605143790250 0.3573957052123681 19
1605143790264 0.3520053116123328 20
1605143790281 0.3593578187937147 21
1605143790298 0.3606658624799064 22
1605143790312 0.37814496876148695 23
1605143790328 0.40992271699262467 24
1605143790342 0.42163046290365497 25
1605143790356 0.4047498622637116 26
1605143790370 0.41652205753862187 27
1605143790385 0.4246786605106311 28
1605143790400 0.43424597483002736 29
1605143790414 0.43696502621254224 30
1605143790430 0.46645881687657215 31
1605143790446 0.43905926487419045 32
1605143790462 0.4593276485298457 33
1605143790478 0.45375474651208086 34
1605143790500 0.47557600629463626 35
1605143790517 0.4990334999695253 36
1605143790533 0.4932647876525193 37
1605143790547 0.4971843810563677 38
1605143790561 0.4927869887834185 39
1605143790576 0.49757994225855623 40
1605143790590 0.5135829287968324 41
1605143790604 0.5135163269685895 42
1605143790619 0.5132649219437931 43
1605143790634 0.5041077887074331 44
1605143790650 0.5171163483951868 45
1605143790665 0.5521833186738947 46
1605143790682 0.5212040952082431 47
1605143790699 0.531393179732762 48
1605143790713 0.5489138579100705 49
1605143790728 0.5398180424497369 50
