1605143789203 0.39607311031791603 1
1605143789220 0.4565327703283074 2
1605143789236 0.48177555571781117 3
1605143789253 0.5356189427750834 4
1605143789269 0.5976057749116019 5
1605143789286 0.5808453760790021 6
1605143789302 0.6094038325749086 7
1605143789319 0.6913501077823425 8
1605143789336 0.7940074901902274 9
1605143789353 0.8523274472590243 10
1605143789369 0.7806491932172454 11
1605143789385 0.8385946174685874 12
1605143789400 0.8174781585007571 13
1605143789414 0.7701347276066126 14
1605143789427 0.8283574162574296 15
1605143789442 0.8282504028148865 16
1605143789458 0.7651150347141737 17
1605143789471 0.8135804312952449 18
1605143789485 0.8424047887995002 19
1605143789499 0.7987710224108749 20
1605143789513 0.8466916392358501 21
1605143789526 0.7743644660778259 22
1605143789542 0.8703406446435479 23
1605143789558 0.8066167349226019 24
1605143789575 0.8548600003960427 25
1605143789590 0.784120506115174 26
1605143789605 0.8431267738342285 27
1605143789621 0.8581992360983002 28
1605143789638 0.797804691818323 29
1605143789657 0.8336854195326902 30
1605143789673 0.8051661306552673 31
1605143789690 0.8124088236455167 32
1605143789705 0.810131817721249 33
1605143789718 0.802629835150215 34
1605143789732 0.8179842702458414 35
1605143789746 0.8200050994251551 36
1605143789760 0.814883992913064 37
1605143789774 0.8478051357054979 38
1605143789788 0.7948992359504271 39
1605143789802 0.801339876785707 40
1605143789817 0.8398704903849056 41
1605143789831 0.8183862011084396 42
1605143789845 0.8205940147464195 43
1605143789860 0.7978393254655131 44
1605143789874 0.8390747871291772 45
1605143789888 0.8450645650370737 46
1605143789903 0.8196425404441491 47
1605143789917 0.8203041687440337 48
1605143789931 0.8181425319628769 49
1605143789945 0.8075812787152408 50
