1605143788384 0.6876304631822565 1
1605143788397 0.5034397639585345 2
1605143788411 0.37563273846433404 3
1605143788425 0.2532705892337842 4
1605143788439 0.22569313946734654 5
1605143788453 0.14570253384247256 6
1605143788467 0.1640058019188013 7
1605143788481 0.1832076187214155 8
1605143788495 0.17042522249596842 9
1605143788508 0.17544602343205656 10
1605143788523 0.1577396797999907 11
1605143788537 0.18705609876118348 12
1605143788551 0.17350623045074806 13
1605143788564 0.16943800750743138 14
1605143788579 0.19419111663036132 15
1605143788593 0.18180379706822083 16
1605143788606 0.19661320896630877 17
1605143788621 0.22080503019054284 18
1605143788638 0.2333191680104545 19
1605143788652 0.23102766643749195 20
1605143788665 0.23272349325458655 21
1605143788679 0.2394113704729616 22
1605143788693 0.24908601434043284 23
1605143788706 0.28383869401524575 24
1605143788720 0.28355212024088655 25
1605143788735 0.27643487694558133 26
1605143788748 0.2854781907595945 27
1605143788762 0.2888146662310268 28
1605143788777 0.3018209810337324 29
1605143788790 0.3028331301855237 30
1605143788804 0.3319840591945005 31
1605143788820 0.30458907197030743 32
1605143788837 0.3297512357154589 33
1605143788855 0.31905679488449956 34
1605143788876 0.34559029541658554 35
1605143788893 0.36632478638981164 36
1605143788911 0.35977055651418277 37
1605143788930 0.35937091909097824 38
1605143788950 0.3608577365285895 39
1605143788973 0.372293916980872 40
1605143788997 0.37904149896643136 41
1605143789021 0.38117572028985186 42
1605143789045 0.3793324138341325 43
1605143789073 0.37971857960304517 44
1605143789097 0.3822712560048264 45
1605143789116 0.4205196894956439 46
1605143789138 0.3922823714406303 47
1605143789154 0.3955800613660491 48
1605143789171 0.42206693867619116 49
1605143789187 0.4163181781768799 50
