1579418978898 0.5 1
1579418978914 0.5294944 2
1579418978932 0.5926966 3
1579418978949 0.7598315 4
1579418978966 0.7205056 5
1579418978985 0.7696629 6
1579418979008 0.7429775 7
1579418979025 0.73455054 8
1579418979041 0.8033708 9
1579418979058 0.7233146 10
1579418979074 0.7851124 11
1579418979094 0.79353935 12
1579418979117 0.7724719 13
1579418979140 0.8216292 14
1579418979165 0.78089887 15
1579418979189 0.80898875 16
1579418979209 0.80617976 17
1579418979226 0.7794944 18
1579418979243 0.8244382 19
1579418979259 0.8019663 20
1579418979273 0.80617976 21
1579418979287 0.81882024 22
1579418979301 0.7780899 23
1579418979315 0.7991573 24
1579418979330 0.79634833 25
1579418979343 0.8202247 26
