1579418980458 0.35611925 1
1579418980473 0.30826727 2
1579418980490 0.45209962 3
1579418980508 0.59720784 4
1579418980526 0.6252431 5
1579418980544 0.6709444 6
1579418980562 0.6116928 7
1579418980578 0.6592274 8
1579418980592 0.72850525 9
1579418980607 0.639741 10
1579418980622 0.7001823 11
1579418980636 0.69416124 12
1579418980650 0.6629094 13
1579418980664 0.74265206 14
1579418980679 0.6536633 15
1579418980694 0.72331655 16
1579418980713 0.73374337 17
1579418980730 0.6814127 18
1579418980753 0.72703344 19
1579418980778 0.6799976 20
1579418980807 0.7510347 21
1579418980842 0.71193796 22
1579418980883 0.68426806 23
1579418980920 0.69517064 24
1579418980964 0.7053374 25
1579418980993 0.7542296 26
