1579418979876 0.36689895 1
1579418979902 0.5536957 2
1579418979931 0.61159533 3
1579418979956 0.84678394 4
1579418979983 0.74798024 5
1579418980012 0.7971488 6
1579418980035 0.72357416 7
1579418980052 0.75330156 8
1579418980069 0.7843938 9
1579418980086 0.72574395 10
1579418980101 0.80444574 11
1579418980115 0.8245039 12
1579418980130 0.7859035 13
1579418980145 0.8462049 14
1579418980168 0.80603725 15
1579418980196 0.8229575 16
1579418980223 0.8064998 17
1579418980250 0.8104593 18
1579418980281 0.81037587 19
1579418980309 0.77999145 20
1579418980340 0.7964704 21
1579418980367 0.8510164 22
1579418980389 0.71297455 23
1579418980408 0.8390192 24
1579418980426 0.83038795 25
1579418980442 0.82490003 26
