1579418979357 0.5504495 1
1579418979371 0.40612894 2
1579418979385 0.5327014 3
1579418979399 0.4965326 4
1579418979414 0.6162135 5
1579418979428 0.6212265 6
1579418979443 0.57402074 7
1579418979457 0.6416935 8
1579418979471 0.6823254 9
1579418979487 0.6405279 10
1579418979504 0.64808667 11
1579418979521 0.61811846 12
1579418979538 0.6038422 13
1579418979557 0.66317546 14
1579418979574 0.58919334 15
1579418979594 0.6540948 16
1579418979610 0.6756666 17
1579418979625 0.6280948 18
1579418979645 0.6732017 19
1579418979670 0.6130438 20
1579418979696 0.7179698 21
1579418979723 0.636087 22
1579418979752 0.6863626 23
1579418979781 0.5985274 24
1579418979809 0.6319898 25
1579418979841 0.6980562 26
