1579415126930 0.45926967 1
1579415126951 0.56179774 2
1579415126972 0.5421348 3
1579415126993 0.6502809 4
1579415127019 0.66432583 5
1579415127039 0.6952247 6
1579415127057 0.6699438 7
1579415127075 0.7148876 8
1579415127093 0.7429775 9
1579415127110 0.7429775 10
1579415127127 0.8005618 11
1579415127146 0.6896067 12
1579415127162 0.7598315 13
1579415127176 0.7570225 14
1579415127191 0.7696629 15
1579415127204 0.7457865 16
1579415127217 0.7851124 17
1579415127230 0.78089887 18
1579415127243 0.78370786 19
1579415127256 0.8174157 20
1579415127270 0.7696629 21
1579415127283 0.7542135 22
1579415127297 0.752809 23
1579415127310 0.7598315 24
1579415127323 0.8033708 25
1579415127337 0.79073036 26
1579415127353 0.7794944 27
1579415127369 0.81320226 28
1579415127385 0.79634833 29
1579415127401 0.8202247 30
1579415127415 0.80898875 31
1579415127428 0.7977528 32
1579415127441 0.81320226 33
1579415127454 0.7752809 34
1579415127468 0.8146067 35
