1579415128592 0.2669405 1
1579415128608 0.3139373 2
1579415128627 0.46967852 3
1579415128644 0.45019466 4
1579415128661 0.47257602 5
1579415128681 0.52777296 6
1579415128696 0.51782 7
1579415128712 0.54356915 8
1579415128726 0.601923 9
1579415128740 0.5969938 10
1579415128753 0.7228501 11
1579415128767 0.54287577 12
1579415128780 0.65217006 13
1579415128793 0.60749525 14
1579415128806 0.65084106 15
1579415128819 0.65653104 16
1579415128834 0.7131167 17
1579415128847 0.6180454 18
1579415128860 0.62613386 19
1579415128873 0.73843247 20
1579415128886 0.6538688 21
1579415128899 0.64827466 22
1579415128912 0.61213315 23
1579415128925 0.643253 24
1579415128938 0.70207894 25
1579415128951 0.6784832 26
1579415128964 0.5603496 27
1579415128977 0.74564373 28
1579415128990 0.69531596 29
1579415129002 0.7332283 30
1579415129015 0.7242799 31
1579415129028 0.6793827 32
1579415129041 0.71919084 33
1579415129055 0.6628888 34
1579415129070 0.73741674 35
