1579415127975 0.18422706 1
1579415127988 0.4722553 2
1579415128002 0.4994049 3
1579415128020 0.6134883 4
1579415128038 0.63748455 5
1579415128059 0.68240327 6
1579415128079 0.6400168 7
1579415128098 0.6996584 8
1579415128119 0.7831169 9
1579415128140 0.7211163 10
1579415128157 0.7639232 11
1579415128174 0.620153 12
1579415128190 0.7390356 13
1579415128206 0.74325395 14
1579415128222 0.81851536 15
1579415128238 0.7426425 16
1579415128251 0.7726055 17
1579415128267 0.7335337 18
1579415128283 0.80227673 19
1579415128300 0.79558825 20
1579415128321 0.7738838 21
1579415128354 0.7700862 22
1579415128381 0.8335283 23
1579415128395 0.78370696 24
1579415128409 0.81746185 25
1579415128423 0.8572084 26
1579415128437 0.82178926 27
1579415128452 0.8289949 28
1579415128466 0.8007821 29
1579415128481 0.80708873 30
1579415128497 0.8031927 31
1579415128520 0.81605506 32
1579415128536 0.84322244 33
1579415128556 0.82181144 34
1579415128579 0.8176886 35
