1579415127481 0.48456788 1
1579415127495 0.27910572 2
1579415127509 0.5256153 3
1579415127525 0.35989857 4
1579415127540 0.39340186 5
1579415127555 0.44230244 6
1579415127571 0.5314508 7
1579415127586 0.5508537 8
1579415127599 0.51023686 9
1579415127616 0.5271814 10
1579415127632 0.68896616 11
1579415127651 0.5747825 12
1579415127667 0.62110925 13
1579415127684 0.55222577 14
1579415127699 0.5903826 15
1579415127713 0.6351093 16
1579415127726 0.66817534 17
1579415127738 0.5612131 18
1579415127751 0.55241853 19
1579415127765 0.6908457 20
1579415127778 0.60366356 21
1579415127791 0.61111224 22
1579415127804 0.52214336 23
1579415127817 0.601334 24
1579415127830 0.6289613 25
1579415127843 0.5757221 26
1579415127856 0.5254418 27
1579415127869 0.6776854 28
1579415127883 0.6231404 29
1579415127896 0.67541444 30
1579415127908 0.67836547 31
1579415127922 0.5928673 32
1579415127935 0.63507396 33
1579415127948 0.5923734 34
1579415127962 0.68183297 35
