1605143954572 0.625 1
1605143954589 0.6320224719101124 2
1605143954605 0.6376404494382022 3
1605143954621 0.6306179775280899 4
1605143954636 0.6446629213483146 5
1605143954649 0.6432584269662921 6
1605143954662 0.6432584269662921 7
1605143954675 0.6474719101123596 8
1605143954689 0.6502808988764045 9
1605143954702 0.6615168539325843 10
1605143954715 0.6544943820224719 11
1605143954729 0.6615168539325843 12
1605143954742 0.6699438202247191 13
1605143954755 0.672752808988764 14
1605143954769 0.6797752808988764 15
1605143954782 0.672752808988764 16
1605143954795 0.6797752808988764 17
1605143954809 0.6882022471910112 18
1605143954822 0.675561797752809 19
1605143954836 0.675561797752809 20
1605143954849 0.6896067415730337 21
1605143954863 0.6924157303370787 22
1605143954877 0.6867977528089888 23
1605143954891 0.6910112359550562 24
1605143954904 0.6938202247191011 25
1605143954917 0.699438202247191 26
1605143954932 0.6952247191011236 27
1605143954947 0.7008426966292135 28
1605143954960 0.7162921348314607 29
1605143954974 0.7134831460674157 30
1605143954987 0.7064606741573034 31
1605143955000 0.7205056179775281 32
1605143955014 0.7205056179775281 33
1605143955027 0.7205056179775281 34
1605143955041 0.7205056179775281 35
1605143955055 0.7247191011235955 36
1605143955069 0.7134831460674157 37
1605143955082 0.7247191011235955 38
1605143955096 0.7303370786516854 39
1605143955110 0.7247191011235955 40
1605143955126 0.726123595505618 41
1605143955148 0.7275280898876404 42
1605143955162 0.7345505617977528 43
1605143955176 0.7289325842696629 44
1605143955190 0.7415730337078652 45
1605143955204 0.7331460674157303 46
1605143955217 0.7471910112359551 47
1605143955232 0.7415730337078652 48
1605143955246 0.7373595505617978 49
1605143955259 0.7471910112359551 50
