1605143956703 0.22490864958655968 1
1605143956717 0.24298087264714616 2
1605143956733 0.23326896281724566 3
1605143956749 0.2017530832397804 4
1605143956765 0.2311202883720398 5
1605143956780 0.2254197309526165 6
1605143956794 0.2148125051112657 7
1605143956808 0.2201023366344109 8
1605143956822 0.2151461062806376 9
1605143956836 0.26399789064118034 10
1605143956851 0.26033885157510134 11
1605143956865 0.2852934438191103 12
1605143956880 0.30001040723886385 13
1605143956894 0.31112530994951054 14
1605143956908 0.3341688624258791 15
1605143956922 0.323205463002237 16
1605143956937 0.3405508593227086 17
1605143956951 0.3599332450480943 18
1605143956965 0.3267565778132235 19
1605143956979 0.34250771463587043 20
1605143956994 0.36641999643840145 21
1605143957008 0.3806831260745445 22
1605143957022 0.38688551174120955 23
1605143957036 0.38925197954927937 24
1605143957050 0.39262669910205883 25
1605143957069 0.43172610274861367 26
1605143957089 0.3883771521321843 27
1605143957105 0.44118401039852184 28
1605143957123 0.46339698186081446 29
1605143957140 0.4519618655858415 30
1605143957155 0.43269203486067526 31
1605143957169 0.4567511088392708 32
1605143957183 0.4941012303480941 33
1605143957197 0.48388305507349166 34
1605143957211 0.48590228664741086 35
1605143957226 0.5019770532511594 36
1605143957241 0.46900355414058387 37
1605143957255 0.4824223977126432 38
1605143957269 0.5193206279465322 39
1605143957285 0.5026279882098852 40
1605143957299 0.5007803225785159 41
1605143957313 0.4995524427863989 42
1605143957328 0.5138010148251995 43
1605143957342 0.5099621595961324 44
1605143957356 0.5409425188986103 45
1605143957371 0.5184234367327744 46
1605143957385 0.5503210147445121 47
1605143957399 0.5308058375722906 48
1605143957413 0.5291828935065966 49
1605143957428 0.5557508575782347 50
