1605143955979 0.5559616450513347 1
1605143955993 0.6420902388819149 2
1605143956007 0.615480656034491 3
1605143956021 0.6341358972399422 4
1605143956035 0.73081861988882 5
1605143956049 0.6439807495374358 6
1605143956064 0.6771892335977447 7
1605143956081 0.6768325433302461 8
1605143956095 0.6558587524328339 9
1605143956109 0.7831995781887783 10
1605143956124 0.749491713020239 11
1605143956140 0.7653160845295767 12
1605143956154 0.8112002892440624 13
1605143956168 0.7746031779921456 14
1605143956182 0.8053796358322829 15
1605143956196 0.760510412494788 16
1605143956210 0.796254685755526 17
1605143956224 0.7900708659311358 18
1605143956238 0.799377405241634 19
1605143956252 0.7300776671827509 20
1605143956268 0.8081326966875055 21
1605143956283 0.8354666601406054 22
1605143956297 0.773286899823821 23
1605143956311 0.7973896305212814 24
1605143956325 0.820296061172914 25
1605143956340 0.8179710473907128 26
1605143956354 0.7902913575761774 27
1605143956369 0.7951140068890004 28
1605143956383 0.8243636602766058 29
1605143956397 0.865456644068943 30
1605143956411 0.780394891674599 31
1605143956425 0.8339413437950477 32
1605143956441 0.7915511492932781 33
1605143956455 0.8311249312390102 34
1605143956469 0.8255138115936451 35
1605143956485 0.8196157163448548 36
1605143956499 0.775689484028334 37
1605143956513 0.8502860430921062 38
1605143956528 0.838463160429108 39
1605143956542 0.7992973166905092 40
1605143956556 0.8157704974828142 41
1605143956570 0.8188919699593876 42
1605143956584 0.8390518359923631 43
1605143956599 0.8230428427792666 44
1605143956613 0.8258640297343222 45
1605143956627 0.8309018156501684 46
1605143956641 0.8373091391633066 47
1605143956657 0.8448031122764844 48
1605143956672 0.8044362764679984 49
1605143956688 0.8296950211685695 50
