1605143955273 0.14595249831006768 1
1605143955287 0.1631670637746875 2
1605143955301 0.14861314685157176 3
1605143955315 0.12391360154312649 4
1605143955328 0.14387685763701963 5
1605143955342 0.13920941245689822 6
1605143955356 0.13252187177036587 7
1605143955369 0.13375142718968766 8
1605143955383 0.13260948222674682 9
1605143955398 0.16130533144715126 10
1605143955413 0.16073565067869894 11
1605143955428 0.188210703013988 12
1605143955443 0.1893221749348587 13
1605143955457 0.20478089220738144 14
1605143955471 0.21353614882806712 15
1605143955488 0.20907232332765385 16
1605143955503 0.22434783919473714 17
1605143955517 0.23923316095652206 18
1605143955533 0.2113784762580743 19
1605143955547 0.23017111353659897 20
1605143955561 0.24269088399544192 21
1605143955575 0.2573633200666878 22
1605143955589 0.2635104555762216 23
1605143955603 0.26400079553046923 24
1605143955616 0.26080112109023534 25
1605143955631 0.2998049533768986 26
1605143955645 0.26240774721242066 27
1605143955659 0.31297772754444164 28
1605143955673 0.3341775248559673 29
1605143955687 0.314712621857611 30
1605143955701 0.3064253089133273 31
1605143955715 0.32620522078503383 32
1605143955728 0.36626009191020154 33
1605143955742 0.3462371210033974 34
1605143955756 0.3481820009732514 35
1605143955769 0.36637659421127833 36
1605143955784 0.34294858541381495 37
1605143955798 0.3463772717821464 38
1605143955811 0.380537504560492 39
1605143955825 0.37257605456234366 40
1605143955840 0.36424706491191733 41
1605143955853 0.367420445667224 42
1605143955868 0.38026824292172207 43
1605143955882 0.3805452658888999 44
1605143955895 0.4068508774376987 45
1605143955909 0.38461442341965235 46
1605143955923 0.4334901859251301 47
1605143955937 0.3956749653548337 48
1605143955952 0.3998025374466114 49
1605143955965 0.42381304837344735 50
