1579394878973 0.38906342 1
1579394878986 0.4786621 2
1579394878999 0.4837832 3
1579394879014 0.4464367 4
1579394879026 0.458884 5
1579394879039 0.5439603 6
1579394879051 0.52252644 7
1579394879064 0.5170976 8
1579394879079 0.52349544 9
1579394879094 0.5366713 10
1579394879107 0.5709745 11
1579394879120 0.539653 12
1579394879133 0.57257897 13
1579394879148 0.57286435 14
1579394879161 0.5896097 15
1579394879174 0.55759454 16
1579394879186 0.58843523 17
1579394879199 0.5601274 18
1579394879212 0.5740397 19
1579394879226 0.5980163 20
