1579394878708 0.37539622 1
1579394878721 0.52584916 2
1579394878733 0.54478204 3
1579394878745 0.51049435 4
1579394878758 0.57006764 5
1579394878771 0.54854494 6
1579394878784 0.6093685 7
1579394878797 0.5664602 8
1579394878810 0.54646206 9
1579394878823 0.6290409 10
1579394878836 0.56775254 11
1579394878849 0.5852254 12
1579394878862 0.60142183 13
1579394878875 0.5967714 14
1579394878888 0.58548474 15
1579394878902 0.60270554 16
1579394878915 0.6436363 17
1579394878928 0.5948396 18
1579394878941 0.61523736 19
1579394878959 0.61824805 20
