1579394878429 0.45694724 1
1579394878442 0.5216112 2
1579394878460 0.5171019 3
1579394878476 0.47859094 4
1579394878491 0.4761251 5
1579394878507 0.61218154 6
1579394878522 0.6202092 7
1579394878536 0.5378736 8
1579394878549 0.57370913 9
1579394878561 0.511314 10
1579394878574 0.6227605 11
1579394878587 0.63080925 12
1579394878599 0.5907091 13
1579394878611 0.594762 14
1579394878624 0.6175316 15
1579394878636 0.5843692 16
1579394878649 0.6304937 17
1579394878666 0.5893094 18
1579394878681 0.59866124 19
1579394878695 0.61891997 20
