1579415157838 0.39044943 1
1579415157851 0.61657304 2
1579415157864 0.38483146 3
1579415157882 0.6179775 4
1579415157902 0.6011236 5
1579415157922 0.30337077 6
1579415157941 0.3244382 7
1579415157961 0.64044946 8
1579415157980 0.48455057 9
1579415157999 0.68820226 10
1579415158018 0.67134833 11
1579415158033 0.68679774 12
1579415158048 0.6825843 13
1579415158063 0.70365167 14
1579415158080 0.54634833 15
1579415158096 0.6769663 16
1579415158110 0.70926964 17
1579415158123 0.68398875 18
1579415158136 0.5238764 19
1579415158148 0.7176966 20
1579415158161 0.71629214 21
1579415158174 0.6952247 22
1579415158187 0.46910113 23
1579415158200 0.7078652 24
1579415158213 0.71348315 25
1579415158226 0.69101125 26
1579415158238 0.46348315 27
1579415158251 0.67134833 28
