1579415159053 0.51991147 1
1579415159076 0.0 2
1579415159097 0.5539714 3
1579415159114 0.0072992695 4
1579415159131 0.15976329 5
1579415159147 0.37373734 6
1579415159162 0.41412908 7
1579415159180 0.4385965 8
1579415159197 0.560479 9
1579415159214 0.53361344 10
1579415159230 0.54474705 11
1579415159243 0.55666 12
1579415159256 0.5551181 13
1579415159273 0.5594989 14
1579415159289 0.55813944 15
1579415159302 0.47488582 16
1579415159316 0.590099 17
1579415159331 0.49209934 18
1579415159347 0.5591677 19
1579415159363 0.4987531 20
1579415159380 0.59437746 21
1579415159394 0.5167038 22
1579415159407 0.52867824 23
1579415159420 0.4666667 24
1579415159433 0.5936255 25
1579415159446 0.5 26
1579415159459 0.5558139 27
1579415159473 0.29090905 28
