1579415158647 0.37242472 1
1579415158661 0.0 2
1579415158675 0.38363892 3
1579415158688 0.9999999 4
1579415158701 0.41538462 5
1579415158715 0.2851638 6
1579415158727 0.310219 7
1579415158740 0.5464481 8
1579415158753 0.4163701 9
1579415158768 0.6256158 10
1579415158782 0.5809129 11
1579415158796 0.6086956 12
1579415158809 0.6 13
1579415158822 0.65048546 14
1579415158835 0.44541484 15
1579415158848 0.630303 16
1579415158861 0.64224136 17
1579415158874 0.64117646 18
1579415158887 0.43346775 19
1579415158900 0.78125 20
1579415158914 0.6577778 21
1579415158928 0.65909094 22
1579415158941 0.40075615 23
1579415158954 0.7777778 24
1579415158968 0.65065503 25
1579415158987 0.65868264 26
1579415159007 0.40715504 27
1579415159030 0.84210527 28
