1579415158266 0.86080587 1
1579415158279 0.0 2
1579415158292 0.996337 3
1579415158305 0.0036630037 4
1579415158319 0.0989011 5
1579415158332 0.54212457 6
1579415158345 0.62271065 7
1579415158358 0.36630037 8
1579415158371 0.85714287 9
1579415158384 0.46520147 10
1579415158397 0.51282054 11
1579415158411 0.51282054 12
1579415158424 0.51648355 13
1579415158438 0.4908425 14
1579415158451 0.74725276 15
1579415158464 0.3809524 16
1579415158477 0.5457876 17
1579415158492 0.3992674 18
1579415158506 0.7875458 19
1579415158523 0.36630037 20
1579415158537 0.54212457 21
1579415158550 0.42490843 22
1579415158566 0.7765568 23
1579415158580 0.33333334 24
1579415158593 0.5457876 25
1579415158606 0.4029304 26
1579415158620 0.8754579 27
1579415158633 0.17582418 28
