1579398113285 0.5 1
1579398113304 0.493 2
1579398113323 0.507 3
1579398113345 0.499 4
1579398113365 0.5 5
1579398113387 0.482 6
1579398113410 0.503 7
1579398113425 0.509 8
1579398113440 0.509 9
1579398113454 0.52 10
1579398113467 0.48 11
1579398113479 0.513 12
1579398113492 0.505 13
1579398113504 0.512 14
1579398113516 0.484 15
1579398113529 0.485 16
1579398113541 0.479 17
1579398113553 0.515 18
1579398113566 0.512 19
1579398113578 0.487 20
1579398113590 0.524 21
1579398113603 0.485 22
1579398113615 0.494 23
1579398113627 0.499 24
1579398113640 0.522 25
1579398113654 0.513 26
1579398113667 0.527 27
1579398113679 0.483 28
1579398113691 0.495 29
1579398113703 0.505 30
