1579398114552 0.45315075 1
1579398114568 0.19132148 2
1579398114583 0.6413081 3
1579398114598 0.65932435 4
1579398114612 0.5071568 5
1579398114624 0.34068274 6
1579398114637 0.49216068 7
1579398114650 0.6708977 8
1579398114662 0.4802649 9
1579398114676 0.5209448 10
1579398114688 0.2976559 11
1579398114700 0.5035774 12
1579398114713 0.29190025 13
1579398114725 0.47096896 14
1579398114737 0.2543648 15
1579398114750 0.47552833 16
1579398114762 0.46215132 17
1579398114775 0.47278365 18
1579398114790 0.30664805 19
1579398114804 0.4489065 20
1579398114817 0.47286496 21
1579398114829 0.45461428 22
1579398114841 0.2663557 23
1579398114854 0.45175382 24
1579398114870 0.47475672 25
1579398114885 0.24782997 26
1579398114900 0.4675852 27
1579398114913 0.46580395 28
1579398114926 0.22762562 29
1579398114938 0.45003128 30
