1579398114110 0.42239654 1
1579398114123 0.16840278 2
1579398114135 0.50634444 3
1579398114148 0.5045387 4
1579398114160 0.5044124 5
1579398114173 0.45979944 6
1579398114185 0.46905193 7
1579398114198 0.50687534 8
1579398114210 0.48462883 9
1579398114222 0.53839535 10
1579398114235 0.5047345 11
1579398114248 0.54650956 12
1579398114260 0.5260425 13
1579398114274 0.54051656 14
1579398114286 0.53739315 15
1579398114299 0.47878972 16
1579398114311 0.47468877 17
1579398114323 0.5120003 18
1579398114335 0.49913707 19
1579398114348 0.5537694 20
1579398114366 0.68161917 21
1579398114382 0.5960643 22
1579398114397 0.323254 23
1579398114418 0.50414187 24
1579398114436 0.6242694 25
1579398114457 0.41378376 26
1579398114478 0.682811 27
1579398114498 0.49519336 28
1579398114518 0.5014245 29
1579398114536 0.34016618 30
