1579398113715 0.66852885 1
1579398113728 0.22146119 2
1579398113740 0.87749976 3
1579398113753 0.95115376 4
1579398113765 0.68827754 5
1579398113778 0.39923286 6
1579398113790 0.6872153 7
1579398113803 0.99391866 8
1579398113816 0.6763799 9
1579398113828 0.69933057 10
1579398113841 0.37588575 11
1579398113860 0.694591 12
1579398113876 0.36794457 13
1579398113891 0.67561483 14
1579398113907 0.3522403 15
1579398113922 0.68059474 16
1579398113935 0.6745973 17
1579398113947 0.67417794 18
1579398113960 0.37570474 19
1579398113972 0.66611147 20
1579398113985 0.6745098 21
1579398113997 0.6737213 22
1579398114009 0.355291 23
1579398114021 0.6685083 24
1579398114034 0.67641324 25
1579398114046 0.34254146 26
1579398114059 0.6713948 27
1579398114072 0.67897844 28
1579398114085 0.33541667 29
1579398114098 0.66483516 30
