1579418958786 0.505618 1
1579418958800 0.6952247 2
1579418958814 0.73876405 3
1579418958827 0.7219101 4
1579418958842 0.75842696 5
1579418958856 0.7794944 6
1579418958869 0.7851124 7
1579418958884 0.79634833 8
1579418958897 0.7823034 9
1579418958912 0.79634833 10
1579418958926 0.81882024 11
1579418958939 0.82865167 12
1579418958954 0.77106744 13
1579418958967 0.81882024 14
1579418958981 0.80898875 15
1579418958995 0.7738764 16
1579418959009 0.81882024 17
1579418959023 0.8202247 18
1579418959037 0.8202247 19
1579418959052 0.8005618 20
1579418959066 0.8202247 21
1579418959079 0.83146065 22
1579418959096 0.80898875 23
1579418959114 0.8272472 24
1579418959135 0.8202247 25
1579418959154 0.80617976 26
1579418959172 0.8033708 27
1579418959191 0.8258427 28
1579418959211 0.80898875 29
1579418959230 0.81320226 30
1579418959248 0.83707863 31
1579418959265 0.81882024 32
1579418959282 0.8047753 33
1579418959300 0.82865167 34
1579418959317 0.84410113 35
1579418959335 0.8146067 36
1579418959352 0.82865167 37
1579418959369 0.81601125 38
1579418959387 0.83146065 39
1579418959404 0.83146065 40
1579418959422 0.81882024 41
