1579418960675 0.24955215 1
1579418960692 0.5002595 2
1579418960709 0.560377 3
1579418960726 0.5535315 4
1579418960741 0.6192661 5
1579418960755 0.6626946 6
1579418960770 0.6832432 7
1579418960785 0.700057 8
1579418960800 0.6794973 9
1579418960815 0.6880861 10
1579418960829 0.7345622 11
1579418960844 0.75326836 12
1579418960858 0.66815436 13
1579418960873 0.73296154 14
1579418960888 0.7153412 15
1579418960902 0.6737529 16
1579418960917 0.73658997 17
1579418960932 0.73136556 18
1579418960947 0.73446184 19
1579418960961 0.6866858 20
1579418960976 0.729786 21
1579418960991 0.76136225 22
1579418961006 0.7030062 23
1579418961022 0.75266695 24
1579418961037 0.7372364 25
1579418961055 0.7109023 26
1579418961070 0.6798139 27
1579418961085 0.7311988 28
1579418961099 0.7000848 29
1579418961115 0.7175565 30
1579418961131 0.76498646 31
1579418961147 0.73403156 32
1579418961162 0.6928296 33
1579418961181 0.7491075 34
1579418961199 0.7722455 35
1579418961216 0.7303434 36
1579418961234 0.74852926 37
1579418961249 0.7132277 38
1579418961263 0.7455648 39
1579418961279 0.7507687 40
1579418961294 0.7225212 41
