1579418960075 0.3854978 1
1579418960089 0.6654221 2
1579418960104 0.7783593 3
1579418960118 0.7752098 4
1579418960132 0.7869246 5
1579418960147 0.78944856 6
1579418960162 0.79074156 7
1579418960177 0.7931913 8
1579418960194 0.8097669 9
1579418960211 0.84817916 10
1579418960225 0.82747996 11
1579418960239 0.83117926 12
1579418960253 0.8367204 13
1579418960268 0.82774544 14
1579418960283 0.8244839 15
1579418960297 0.8390324 16
1579418960311 0.81188107 17
1579418960325 0.85218525 18
1579418960339 0.8258443 19
1579418960353 0.8701738 20
1579418960368 0.838653 21
1579418960384 0.8399055 22
1579418960400 0.8313327 23
1579418960414 0.8258389 24
1579418960428 0.8484597 25
1579418960442 0.8228986 26
1579418960457 0.83460724 27
1579418960471 0.8369975 28
1579418960485 0.8785961 29
1579418960499 0.8611881 30
1579418960513 0.8584613 31
1579418960528 0.8503831 32
1579418960542 0.8468607 33
1579418960556 0.84962016 34
1579418960571 0.87527007 35
1579418960585 0.8413894 36
1579418960600 0.83104473 37
1579418960614 0.8736529 38
1579418960629 0.87027633 39
1579418960643 0.87103575 40
1579418960658 0.851095 41
