1579418959440 0.4089507 1
1579418959457 0.44248986 2
1579418959472 0.5237761 3
1579418959487 0.52058053 4
1579418959501 0.55238867 5
1579418959515 0.60651976 6
1579418959529 0.62865883 7
1579418959544 0.6625602 8
1579418959561 0.60598356 9
1579418959577 0.6152544 10
1579418959591 0.66361624 11
1579418959605 0.6932835 12
1579418959620 0.6000859 13
1579418959634 0.6718527 14
1579418959648 0.65249825 15
1579418959663 0.5996099 16
1579418959679 0.67962515 17
1579418959696 0.64636046 18
1579418959711 0.67315793 19
1579418959725 0.5871039 20
1579418959739 0.6540301 21
1579418959753 0.7053236 22
1579418959767 0.6316786 23
1579418959781 0.69361234 24
1579418959799 0.66927856 25
1579418959817 0.6496904 26
1579418959836 0.6030782 27
1579418959855 0.6561886 28
1579418959877 0.60172737 29
1579418959896 0.6343162 30
1579418959913 0.69494724 31
1579418959929 0.65979564 32
1579418959946 0.6091661 33
1579418959961 0.6812439 34
1579418959975 0.69269085 35
1579418959989 0.65323645 36
1579418960004 0.68821067 37
1579418960018 0.6338661 38
1579418960032 0.6580724 39
1579418960046 0.6629925 40
1579418960060 0.6384323 41
