1579414955720 0.6348315 1
1579414955740 0.70365167 2
1579414955760 0.7921348 3
1579414955781 0.8019663 4
1579414955801 0.8202247 5
1579414955821 0.8103933 6
1579414955840 0.8244382 7
1579414955859 0.80898875 8
1579414955876 0.81882024 9
1579414955894 0.82865167 10
1579414955910 0.83426964 11
1579414955926 0.8300562 12
1579414955942 0.8328652 13
1579414955956 0.8244382 14
1579414955969 0.83567417 15
1579414955982 0.83707863 16
1579414955996 0.81320226 17
1579414956008 0.8202247 18
1579414956021 0.83426964 19
1579414956034 0.83426964 20
