1579414956603 0.38065267 1
1579414956618 0.5314141 2
1579414956632 0.69700986 3
1579414956645 0.7119449 4
1579414956659 0.7295101 5
1579414956673 0.7278586 6
1579414956687 0.7561996 7
1579414956700 0.7219556 8
1579414956713 0.73744315 9
1579414956727 0.7664352 10
1579414956740 0.75337106 11
1579414956753 0.7457349 12
1579414956767 0.76858425 13
1579414956780 0.75011826 14
1579414956794 0.762609 15
1579414956807 0.77046686 16
1579414956820 0.72729206 17
1579414956833 0.7403984 18
1579414956846 0.766134 19
1579414956861 0.7622242 20
