1579414956309 0.5753035 1
1579414956322 0.7691967 2
1579414956335 0.7951784 3
1579414956348 0.81119984 4
1579414956364 0.8250223 5
1579414956380 0.83843166 6
1579414956397 0.8011752 7
1579414956413 0.818073 8
1579414956428 0.83345366 9
1579414956441 0.83205867 10
1579414956457 0.80617136 11
1579414956473 0.84433573 12
1579414956488 0.83535963 13
1579414956502 0.83751726 14
1579414956515 0.84882766 15
1579414956530 0.8439779 16
1579414956547 0.79139036 17
1579414956561 0.8294259 18
1579414956575 0.8430061 19
1579414956590 0.82780075 20
