1579414956048 0.33839074 1
1579414956061 0.47112405 2
1579414956074 0.6324362 3
1579414956088 0.66358495 4
1579414956101 0.6632033 5
1579414956114 0.6513861 6
1579414956127 0.71703285 7
1579414956140 0.66520125 8
1579414956153 0.6699617 9
1579414956165 0.7130696 10
1579414956178 0.7083362 11
1579414956191 0.6731463 12
1579414956204 0.71268874 13
1579414956217 0.69365805 14
1579414956230 0.69948816 15
1579414956243 0.7130069 16
1579414956256 0.6832175 17
1579414956269 0.6831593 18
1579414956283 0.7086699 19
1579414956296 0.7095046 20
