1579415561907 0.6516854 1
1579415561927 0.76123595 2
1579415561952 0.7794944 3
1579415561976 0.79634833 4
1579415562001 0.7949438 5
1579415562019 0.7949438 6
1579415562037 0.79634833 7
1579415562053 0.8033708 8
1579415562069 0.8216292 9
1579415562085 0.81179774 10
1579415562098 0.7766854 11
1579415562112 0.81320226 12
1579415562125 0.8202247 13
1579415562138 0.8005618 14
1579415562153 0.8202247 15
1579415562167 0.8230337 16
1579415562181 0.81601125 17
1579415562194 0.80617976 18
1579415562208 0.81601125 19
1579415562221 0.81601125 20
1579415562234 0.8103933 21
1579415562247 0.80617976 22
1579415562261 0.8103933 23
1579415562275 0.8244382 24
1579415562288 0.8244382 25
1579415562302 0.8146067 26
1579415562315 0.8005618 27
1579415562329 0.81601125 28
1579415562342 0.81601125 29
1579415562355 0.8216292 30
1579415562368 0.8174157 31
1579415562382 0.8174157 32
1579415562395 0.7991573 33
1579415562409 0.8328652 34
1579415562422 0.81601125 35
1579415562435 0.8258427 36
1579415562449 0.83146065 37
1579415562462 0.81882024 38
1579415562475 0.8272472 39
1579415562489 0.81601125 40
1579415562502 0.83707863 41
1579415562515 0.8230337 42
1579415562529 0.8258427 43
1579415562542 0.8216292 44
1579415562555 0.8272472 45
1579415562568 0.8272472 46
