1579415563905 0.46467596 1
1579415563918 0.65619665 2
1579415563932 0.6816752 3
1579415563946 0.69452024 4
1579415563960 0.6673862 5
1579415563974 0.69019455 6
1579415563988 0.64521915 7
1579415564002 0.6999192 8
1579415564015 0.71706474 9
1579415564029 0.72719735 10
1579415564043 0.6444631 11
1579415564057 0.7155801 12
1579415564070 0.7206179 13
1579415564084 0.68522054 14
1579415564097 0.7418777 15
1579415564111 0.743647 16
1579415564124 0.73310196 17
1579415564138 0.6899184 18
1579415564152 0.7107669 19
1579415564168 0.73446083 20
1579415564182 0.7269142 21
1579415564196 0.70600355 22
1579415564209 0.7087159 23
1579415564223 0.74306834 24
1579415564237 0.7454807 25
1579415564251 0.726829 26
1579415564265 0.7170991 27
1579415564279 0.7352679 28
1579415564293 0.7217725 29
1579415564307 0.6990253 30
1579415564321 0.7360059 31
1579415564335 0.7312919 32
1579415564349 0.6869117 33
1579415564362 0.7113978 34
1579415564377 0.7255365 35
1579415564391 0.7518257 36
1579415564404 0.7586618 37
1579415564418 0.7308912 38
1579415564432 0.7496034 39
1579415564447 0.7135739 40
1579415564462 0.7462459 41
1579415564476 0.7424175 42
1579415564490 0.7454997 43
1579415564504 0.7304851 44
1579415564517 0.7501403 45
1579415564531 0.75069517 46
