1579415563262 0.61697185 1
1579415563275 0.8011692 2
1579415563292 0.7763398 3
1579415563307 0.82379705 4
1579415563320 0.8042682 5
1579415563333 0.79323334 6
1579415563347 0.7580714 7
1579415563360 0.7879284 8
1579415563374 0.84016764 9
1579415563388 0.7864933 10
1579415563402 0.79993427 11
1579415563415 0.84100115 12
1579415563429 0.7866601 13
1579415563443 0.80882627 14
1579415563458 0.83235294 15
1579415563472 0.8233873 16
1579415563485 0.81475925 17
1579415563500 0.77934563 18
1579415563514 0.80473673 19
1579415563527 0.8341931 20
1579415563540 0.82874334 21
1579415563554 0.82971174 22
1579415563568 0.857505 23
1579415563582 0.82969224 24
1579415563596 0.8422817 25
1579415563609 0.83033353 26
1579415563623 0.7984554 27
1579415563637 0.85355675 28
1579415563652 0.8355566 29
1579415563668 0.80669326 30
1579415563682 0.84024256 31
1579415563696 0.8349841 32
1579415563709 0.76243615 33
1579415563723 0.7993378 34
1579415563737 0.81962013 35
1579415563751 0.8592175 36
1579415563765 0.8450257 37
1579415563779 0.8507687 38
1579415563793 0.81657714 39
1579415563806 0.85724896 40
1579415563820 0.85586756 41
1579415563834 0.83989894 42
1579415563849 0.84882104 43
1579415563864 0.8549593 44
1579415563877 0.8207571 45
1579415563891 0.8357766 46
