1579415562581 0.4713087 1
1579415562594 0.62124413 2
1579415562607 0.64610445 3
1579415562620 0.6560902 4
1579415562635 0.6203202 5
1579415562648 0.62875605 6
1579415562661 0.58280724 7
1579415562674 0.6459991 8
1579415562687 0.6613761 9
1579415562701 0.7009238 10
1579415562714 0.58026403 11
1579415562727 0.6572341 12
1579415562740 0.70619243 13
1579415562753 0.6288426 14
1579415562766 0.6841363 15
1579415562779 0.6986867 16
1579415562792 0.6771742 17
1579415562806 0.6333952 18
1579415562820 0.6569781 19
1579415562833 0.6726125 20
1579415562846 0.6757914 21
1579415562859 0.6499669 22
1579415562872 0.6383146 23
1579415562886 0.6945924 24
1579415562899 0.68811405 25
1579415562914 0.6597829 26
1579415562927 0.66524285 27
1579415562940 0.6746764 28
1579415562955 0.6614667 29
1579415562969 0.6305479 30
1579415562983 0.67157733 31
1579415562996 0.6696413 32
1579415563013 0.64112043 33
1579415563034 0.66083914 34
1579415563057 0.6591547 35
1579415563078 0.6866222 36
1579415563102 0.7107275 37
1579415563125 0.65318257 38
1579415563143 0.7058233 39
1579415563159 0.63715595 40
1579415563176 0.6764256 41
1579415563192 0.6785685 42
1579415563208 0.68406713 43
1579415563222 0.66331744 44
1579415563235 0.7028266 45
1579415563248 0.6902858 46
