1605143872034 0.42275280898876405 1
1605143872051 0.5126404494382022 2
1605143872102 0.5898876404494382 3
1605143872118 0.6264044943820225 4
1605143872134 0.625 5
1605143872149 0.6615168539325843 6
1605143872164 0.6474719101123596 7
1605143872179 0.6657303370786517 8
1605143872194 0.6446629213483146 9
1605143872208 0.6615168539325843 10
1605143872222 0.6530898876404494 11
1605143872238 0.6573033707865169 12
1605143872254 0.6558988764044944 13
1605143872270 0.6446629213483146 14
1605143872286 0.6544943820224719 15
1605143872303 0.6573033707865169 16
1605143872320 0.6685393258426966 17
1605143872337 0.6629213483146067 18
1605143872351 0.6657303370786517 19
1605143872365 0.6699438202247191 20
1605143872379 0.6699438202247191 21
1605143872394 0.672752808988764 22
1605143872408 0.6825842696629213 23
1605143872421 0.6811797752808989 24
1605143872436 0.6839887640449438 25
1605143872450 0.6811797752808989 26
1605143872464 0.6896067415730337 27
1605143872477 0.6797752808988764 28
1605143872491 0.6910112359550562 29
1605143872505 0.699438202247191 30
1605143872520 0.6966292134831461 31
1605143872536 0.7008426966292135 32
1605143872552 0.6980337078651685 33
1605143872567 0.6980337078651685 34
1605143872582 0.7050561797752809 35
1605143872596 0.7106741573033708 36
1605143872610 0.7120786516853933 37
1605143872624 0.7191011235955056 38
1605143872638 0.7050561797752809 39
1605143872651 0.7176966292134831 40
1605143872665 0.7106741573033708 41
1605143872679 0.726123595505618 42
1605143872693 0.7162921348314607 43
1605143872707 0.7205056179775281 44
1605143872720 0.7317415730337079 45
1605143872734 0.7162921348314607 46
1605143872748 0.7205056179775281 47
1605143872762 0.7219101123595506 48
1605143872775 0.7317415730337079 49
1605143872789 0.7275280898876404 50
