1605143874336 0.4433211958810185 1
1605143874350 0.3961717861421992 2
1605143874366 0.4062697817100568 3
1605143874382 0.35528280293003894 4
1605143874398 0.31264837672201434 5
1605143874415 0.3226283895835448 6
1605143874432 0.2813038407416826 7
1605143874449 0.29096912534049385 8
1605143874465 0.2241377495647816 9
1605143874482 0.2563753523183673 10
1605143874498 0.23967768971839648 11
1605143874515 0.23363697394896088 12
1605143874532 0.23672132277756594 13
1605143874548 0.20569069934694956 14
1605143874565 0.21986278288819816 15
1605143874581 0.23142565971010187 16
1605143874599 0.2663781810342596 17
1605143874616 0.2610970558075423 18
1605143874633 0.2720872619178858 19
1605143874648 0.30148342419206425 20
1605143874663 0.29168562540847265 21
1605143874678 0.29288567117090974 22
1605143874693 0.33714360936304155 23
1605143874707 0.32790034406640556 24
1605143874722 0.3477525068133065 25
1605143874739 0.33722430936406167 26
1605143874754 0.3559991924950246 27
1605143874768 0.33385175131679923 28
1605143874783 0.3651622661044089 29
1605143874798 0.38706069046191954 30
1605143874814 0.3995556041096034 31
1605143874831 0.40258479386233215 32
1605143874848 0.4005203863208214 33
1605143874865 0.39533340663052674 34
1605143874879 0.4231176781520415 35
1605143874895 0.4393513822153713 36
1605143874913 0.43168149436457776 37
1605143874927 0.46485113561823127 38
1605143874944 0.41502321971936174 39
1605143874960 0.45914048559210274 40
1605143874975 0.4442174481541923 41
1605143874989 0.48596317346176404 42
1605143875004 0.4583083833201548 43
1605143875018 0.4796474756819479 44
1605143875034 0.49632996856496575 45
1605143875049 0.44990402024783444 46
1605143875065 0.47563964764723615 47
1605143875079 0.4731649709551522 48
1605143875095 0.5080344167987952 49
1605143875109 0.5009674604019422 50
