1605143873553 0.3572976080219397 1
1605143873568 0.37931681482979424 2
1605143873584 0.45963936307457054 3
1605143873599 0.5257027363509275 4
1605143873613 0.5266183695096648 5
1605143873629 0.6587689539019981 6
1605143873643 0.6401770583699259 7
1605143873657 0.7545114206464103 8
1605143873675 0.622899951559774 9
1605143873694 0.7713572242286768 10
1605143873711 0.7272338224260995 11
1605143873728 0.7880149852024035 12
1605143873745 0.798501882660255 13
1605143873762 0.6419378452086717 14
1605143873779 0.6993044454060243 15
1605143873795 0.7955056254783374 16
1605143873813 0.8681647938289 17
1605143873830 0.850936331106036 18
1605143873845 0.834456936696942 19
1605143873860 0.7505617998958973 20
1605143873874 0.8030676038077708 21
1605143873889 0.7837702906533573 22
1605143873903 0.8431246575344814 23
1605143873917 0.8505439691329271 24
1605143873931 0.8115213158425321 25
1605143873944 0.7901551643114412 26
1605143873958 0.8513643714819061 27
1605143873973 0.8062764982159218 28
1605143873987 0.8624219733677553 29
1605143874001 0.8637050859044108 30
1605143874015 0.826110218348128 31
1605143874031 0.8360977333583189 32
1605143874047 0.840757497240988 33
1605143874074 0.817228461919206 34
1605143874092 0.8200074621800626 35
1605143874110 0.8591987242859401 36
1605143874131 0.8508844496159071 37
1605143874147 0.837998208035244 38
1605143874161 0.8202149948377288 39
1605143874176 0.829069807288352 40
1605143874191 0.8151417890291536 41
1605143874205 0.8579223490832897 42
1605143874219 0.8342328165354354 43
1605143874235 0.8490750280658851 44
1605143874250 0.832039499550723 45
1605143874264 0.8310513536581833 46
1605143874279 0.8141027581825685 47
1605143874293 0.8448546495330468 48
1605143874307 0.8261234412032566 49
1605143874321 0.8349685334087757 50
