1605143872803 0.6092454931709204 1
1605143872817 0.42670430962959033 2
1605143872831 0.3747502806481351 3
1605143872845 0.27378864368695893 4
1605143872859 0.23018345571635815 5
1605143872873 0.21635744645354454 6
1605143872890 0.18326893113972095 7
1605143872904 0.18354922466063767 8
1605143872919 0.13869966014047688 9
1605143872933 0.15947014394770848 10
1605143872949 0.14667240019594685 11
1605143872964 0.13818751359253786 12
1605143872978 0.14146766769752073 13
1605143872992 0.12599161669109646 14
1605143873007 0.1358995261821854 15
1605143873024 0.1384722138388773 16
1605143873039 0.1601462062824978 17
1605143873054 0.15841724028748072 18
1605143873079 0.1685080079550154 19
1605143873093 0.19208301921908774 20
1605143873108 0.1803739338778378 21
1605143873124 0.18530382132262327 22
1605143873139 0.217034238442946 23
1605143873153 0.20794377400633995 24
1605143873168 0.22529580084125647 25
1605143873182 0.21848834364601735 26
1605143873196 0.22941100798296124 27
1605143873211 0.22244600332185124 28
1605143873225 0.23878875609194294 29
1605143873239 0.2605769198932005 30
1605143873253 0.2711549280734544 31
1605143873267 0.2683724178357071 32
1605143873283 0.2661966591068868 33
1605143873299 0.2709055854363388 34
1605143873314 0.2885413271992394 35
1605143873330 0.2982584246423807 36
1605143873344 0.3026939717571387 37
1605143873358 0.32561151097329816 38
1605143873372 0.2844005977169851 39
1605143873387 0.3233402900481492 40
1605143873401 0.3126123808742909 41
1605143873417 0.3432118659943677 42
1605143873434 0.32817367188046487 43
1605143873450 0.33922122837452406 44
1605143873464 0.3572826211372118 45
1605143873479 0.3161330860987138 46
1605143873494 0.3406350768349144 47
1605143873508 0.3379709419239773 48
1605143873522 0.3749097210637639 49
1605143873539 0.3638276866312777 50
