1579415200564 0.56601125 1
1579415200581 0.47050563 2
1579415200597 0.6488764 3
1579415200617 0.45926967 4
1579415200636 0.7078652 5
1579415200659 0.71629214 6
1579415200682 0.73876405 7
1579415200705 0.744382 8
1579415200726 0.73876405 9
1579415200745 0.70646065 10
1579415200762 0.71067417 11
1579415200779 0.73455054 12
1579415200798 0.7738764 13
1579415200816 0.78792137 14
1579415200831 0.78370786 15
1579415200845 0.66151685 16
1579415200859 0.7598315 17
1579415200872 0.78792137 18
1579415200885 0.78089887 19
1579415200899 0.78651685 20
1579415200912 0.7991573 21
1579415200930 0.7780899 22
1579415200946 0.78932583 23
1579415200963 0.78370786 24
1579415200977 0.7823034 25
1579415200991 0.8047753 26
1579415201005 0.75842696 27
1579415201018 0.78370786 28
1579415201032 0.8019663 29
1579415201045 0.80617976 30
1579415201058 0.81179774 31
1579415201073 0.8033708 32
1579415201087 0.78932583 33
1579415201101 0.73455054 34
1579415201119 0.7738764 35
1579415201135 0.81601125 36
1579415201149 0.81179774 37
1579415201163 0.8019663 38
1579415201177 0.7766854 39
1579415201190 0.8146067 40
1579415201204 0.8216292 41
1579415201217 0.8174157 42
1579415201231 0.81320226 43
