1579415202523 0.23611109 1
1579415202536 0.4487179 2
1579415202551 0.32710275 3
1579415202564 0.36953205 4
1579415202578 0.5649245 5
1579415202591 0.55577815 6
1579415202607 0.5677165 7
1579415202622 0.6288063 8
1579415202635 0.5983711 9
1579415202648 0.56957155 10
1579415202662 0.5590142 11
1579415202675 0.59958255 12
1579415202689 0.65141845 13
1579415202703 0.71531284 14
1579415202717 0.7098844 15
1579415202730 0.5053988 16
1579415202744 0.61862385 17
1579415202759 0.68116283 18
1579415202772 0.66857076 19
1579415202785 0.6922488 20
1579415202799 0.71594965 21
1579415202812 0.67604876 22
1579415202826 0.704918 23
1579415202839 0.67688614 24
1579415202853 0.65932083 25
1579415202868 0.7318239 26
1579415202882 0.6521708 27
1579415202896 0.68299514 28
1579415202910 0.72127825 29
1579415202924 0.7292345 30
1579415202944 0.7422956 31
1579415202961 0.7252308 32
1579415202978 0.69402796 33
1579415202993 0.5848934 34
1579415203008 0.6450278 35
1579415203022 0.7535734 36
1579415203037 0.7410195 37
1579415203051 0.6914806 38
1579415203065 0.62888676 39
1579415203079 0.7265117 40
1579415203093 0.7338736 41
1579415203108 0.73324335 42
1579415203122 0.7178845 43
