1579415201896 0.2125 1
1579415201913 0.435559 2
1579415201933 0.6165501 3
1579415201950 0.57902735 4
1579415201967 0.6754484 5
1579415201985 0.71115386 6
1579415202003 0.78415495 7
1579415202020 0.71451616 8
1579415202034 0.7496104 9
1579415202048 0.6718154 10
1579415202062 0.72301435 11
1579415202076 0.7164557 12
1579415202090 0.83056366 13
1579415202104 0.752982 14
1579415202118 0.7380953 15
1579415202132 0.6729901 16
1579415202146 0.7823002 17
1579415202160 0.82163036 18
1579415202174 0.7877555 19
1579415202188 0.74030876 20
1579415202202 0.7753062 21
1579415202217 0.7998066 22
1579415202230 0.77982455 23
1579415202244 0.77761716 24
1579415202258 0.83674306 25
1579415202272 0.77232826 26
1579415202286 0.74926364 27
1579415202299 0.801604 28
1579415202313 0.7916244 29
1579415202326 0.7854266 30
1579415202339 0.804832 31
1579415202353 0.7822088 32
1579415202366 0.79931974 33
1579415202380 0.7677419 34
1579415202393 0.8555095 35
1579415202407 0.8125363 36
1579415202421 0.8065397 37
1579415202439 0.83585167 38
1579415202454 0.83959234 39
1579415202468 0.7958403 40
1579415202482 0.80285716 41
1579415202495 0.8129032 42
1579415202508 0.83273435 43
