1579415201245 0.265625 1
1579415201259 0.627907 2
1579415201273 0.26963335 3
1579415201286 0.5561224 4
1579415201300 0.53270733 5
1579415201313 0.4631896 6
1579415201327 0.45297804 7
1579415201341 0.5616319 8
1579415201355 0.5283798 9
1579415201372 0.558709 10
1579415201390 0.54419786 11
1579415201405 0.53896105 12
1579415201418 0.5579018 13
1579415201436 0.68128324 14
1579415201451 0.6898271 15
1579415201467 0.5617486 16
1579415201480 0.52105737 17
1579415201493 0.5872175 18
1579415201508 0.6083442 19
1579415201522 0.6621026 20
1579415201536 0.67770267 21
1579415201549 0.6208791 22
1579415201562 0.6623157 23
1579415201575 0.61261034 24
1579415201588 0.5545535 25
1579415201601 0.6987455 26
1579415201614 0.62362635 27
1579415201627 0.6059511 28
1579415201641 0.675683 29
1579415201654 0.6812199 30
1579415201668 0.6941973 31
1579415201681 0.6765554 32
1579415201694 0.6461809 33
1579415201707 0.53134716 34
1579415201722 0.5323644 35
1579415201741 0.7027111 36
1579415201763 0.6853943 37
1579415201784 0.60919845 38
1579415201804 0.55703866 39
1579415201826 0.6752348 40
1579415201846 0.67933095 41
1579415201863 0.66782737 42
1579415201879 0.63984674 43
