1579419008856 0.48174158 1
1579419008872 0.48735955 2
1579419008886 0.6727528 3
1579419008900 0.7247191 4
1579419008914 0.7233146 5
1579419008928 0.7148876 6
1579419008941 0.7542135 7
1579419008955 0.80898875 8
1579419008969 0.7668539 9
1579419008983 0.79073036 10
1579419009004 0.8272472 11
1579419009027 0.83146065 12
1579419009044 0.82865167 13
1579419009060 0.80617976 14
1579419009075 0.7823034 15
1579419009089 0.7921348 16
1579419009103 0.81179774 17
1579419009118 0.8300562 18
1579419009133 0.81882024 19
1579419009147 0.7921348 20
1579419009161 0.7921348 21
1579419009175 0.8300562 22
1579419009189 0.83146065 23
1579419009204 0.83146065 24
1579419009221 0.8300562 25
1579419009241 0.70646065 26
1579419009258 0.8019663 27
1579419009275 0.8300562 28
1579419009300 0.83567417 29
1579419009325 0.83567417 30
1579419009355 0.81320226 31
1579419009387 0.7921348 32
1579419009417 0.82865167 33
1579419009445 0.8272472 34
1579419009471 0.8103933 35
1579419009498 0.83567417 36
1579419009530 0.8230337 37
1579419009563 0.8033708 38
1579419009594 0.8300562 39
1579419009622 0.84129214 40
1579419009656 0.8230337 41
1579419009684 0.83426964 42
