1579419011456 0.23504269 1
1579419011482 0.33543742 2
1579419011505 0.3547724 3
1579419011521 0.54505396 4
1579419011536 0.56366575 5
1579419011550 0.49231184 6
1579419011565 0.58348614 7
1579419011579 0.67347366 8
1579419011594 0.5545901 9
1579419011609 0.72274023 10
1579419011624 0.75684905 11
1579419011639 0.7590622 12
1579419011653 0.7554664 13
1579419011668 0.67884326 14
1579419011684 0.61667305 15
1579419011698 0.7113048 16
1579419011713 0.7291582 17
1579419011727 0.7600714 18
1579419011744 0.73464084 19
1579419011759 0.6387854 20
1579419011778 0.7224963 21
1579419011793 0.76205367 22
1579419011808 0.76263094 23
1579419011822 0.7628535 24
1579419011837 0.7542174 25
1579419011852 0.4892993 26
1579419011866 0.7447797 27
1579419011882 0.7519648 28
1579419011897 0.7737272 29
1579419011911 0.77168286 30
1579419011926 0.70578974 31
1579419011940 0.72140753 32
1579419011955 0.7522162 33
1579419011978 0.7556056 34
1579419012004 0.7126741 35
1579419012030 0.77142805 36
1579419012060 0.74420667 37
1579419012085 0.7057596 38
1579419012112 0.7654993 39
1579419012136 0.7708869 40
1579419012160 0.7405177 41
1579419012182 0.75667375 42
