1579419010570 0.17405063 1
1579419010584 0.58101296 2
1579419010599 0.7769139 3
1579419010613 0.7732214 4
1579419010628 0.7427263 5
1579419010643 0.8484849 6
1579419010657 0.8538069 7
1579419010672 0.8857695 8
1579419010688 0.85343564 9
1579419010703 0.7712738 10
1579419010717 0.8130135 11
1579419010734 0.8396272 12
1579419010753 0.8379721 13
1579419010777 0.8746978 14
1579419010800 0.8583233 15
1579419010826 0.76235956 16
1579419010854 0.83408505 17
1579419010884 0.83096766 18
1579419010913 0.82346404 19
1579419010947 0.86376494 20
1579419010973 0.7725514 21
1579419011003 0.84213114 22
1579419011049 0.82644105 23
1579419011081 0.83079934 24
1579419011102 0.85282755 25
1579419011116 0.80281687 26
1579419011131 0.75268334 27
1579419011146 0.8229885 28
1579419011161 0.8321706 29
1579419011176 0.8357353 30
1579419011190 0.86031747 31
1579419011205 0.78815055 32
1579419011219 0.82636875 33
1579419011236 0.8052491 34
1579419011257 0.8629467 35
1579419011278 0.82850456 36
1579419011304 0.80538166 37
1579419011328 0.8400751 38
1579419011356 0.82735 39
1579419011380 0.85637116 40
1579419011407 0.8522623 41
1579419011432 0.8676999 42
