1579419009709 0.3618421 1
1579419009730 0.53125 2
1579419009751 0.24382883 3
1579419009768 0.4210204 4
1579419009785 0.50747865 5
1579419009802 0.41580337 6
1579419009817 0.47421697 7
1579419009831 0.5713794 8
1579419009846 0.5017699 9
1579419009860 0.69812095 10
1579419009875 0.707958 11
1579419009898 0.6926189 12
1579419009922 0.68994 13
1579419009949 0.58074534 14
1579419009979 0.5294529 15
1579419010007 0.67372 16
1579419010043 0.6501986 17
1579419010077 0.7003252 18
1579419010104 0.66517854 19
1579419010126 0.5473308 20
1579419010144 0.69345236 21
1579419010162 0.69934547 22
1579419010181 0.70851374 23
1579419010198 0.705344 24
1579419010216 0.680145 25
1579419010236 0.4946581 26
1579419010253 0.74255157 27
1579419010270 0.6930522 28
1579419010284 0.7230672 29
1579419010298 0.71748453 30
1579419010313 0.62124836 31
1579419010330 0.6828495 32
1579419010353 0.6905191 33
1579419010379 0.71388054 34
1579419010414 0.62393165 35
1579419010447 0.7226393 36
1579419010465 0.6993878 37
1579419010482 0.62565887 38
1579419010502 0.71458447 39
1579419010521 0.70186335 40
1579419010538 0.661181 41
1579419010555 0.6810947 42
