1579418965487 0.54634833 1
1579418965519 0.60674155 2
1579418965553 0.73876405 3
1579418965594 0.76404494 4
1579418965630 0.7752809 5
1579418965658 0.68398875 6
1579418965677 0.7851124 7
1579418965695 0.81179774 8
1579418965714 0.67134833 9
1579418965735 0.79353935 10
1579418965753 0.8202247 11
1579418965771 0.83848315 12
1579418965791 0.6418539 13
1579418965810 0.83426964 14
1579418965837 0.83426964 15
1579418965856 0.7668539 16
1579418965874 0.8019663 17
1579418965893 0.7977528 18
1579418965914 0.8216292 19
1579418965934 0.78089887 20
1579418965954 0.81179774 21
1579418965980 0.83567417 22
1579418966004 0.71067417 23
1579418966024 0.83146065 24
1579418966045 0.8174157 25
1579418966065 0.83146065 26
1579418966085 0.7949438 27
1579418966106 0.8103933 28
1579418966128 0.83426964 29
1579418966146 0.8300562 30
1579418966163 0.80898875 31
1579418966182 0.78089887 32
1579418966201 0.8300562 33
1579418966221 0.83146065 34
1579418966240 0.83567417 35
1579418966261 0.8047753 36
