1579418967780 0.19768925 1
1579418967794 0.40499026 2
1579418967809 0.6378126 3
1579418967824 0.6728342 4
1579418967841 0.67016125 5
1579418967858 0.58371043 6
1579418967873 0.69215167 7
1579418967890 0.7416609 8
1579418967908 0.5053511 9
1579418967926 0.6796333 10
1579418967944 0.73558986 11
1579418967959 0.7727128 12
1579418967973 0.5906657 13
1579418967988 0.7682199 14
1579418968003 0.7687362 15
1579418968018 0.67474663 16
1579418968036 0.69802 17
1579418968054 0.7107076 18
1579418968072 0.7352015 19
1579418968090 0.6817098 20
1579418968106 0.7142931 21
1579418968121 0.76619375 22
1579418968135 0.62996846 23
1579418968150 0.7544375 24
1579418968165 0.7218886 25
1579418968182 0.75302505 26
1579418968202 0.7006656 27
1579418968222 0.71784264 28
1579418968241 0.76405966 29
1579418968259 0.7513491 30
1579418968278 0.7006666 31
1579418968297 0.6914363 32
1579418968317 0.7620924 33
1579418968335 0.7551055 34
1579418968355 0.7603258 35
1579418968375 0.68305993 36
