1579418967129 0.31143618 1
1579418967152 0.43049932 2
1579418967177 0.69335574 3
1579418967200 0.7275893 4
1579418967222 0.78613997 5
1579418967242 0.729245 6
1579418967261 0.7754498 7
1579418967278 0.79311407 8
1579418967294 0.6853162 9
1579418967309 0.84033966 10
1579418967323 0.82935655 11
1579418967337 0.8432324 12
1579418967352 0.65062773 13
1579418967366 0.82986474 14
1579418967381 0.8276696 15
1579418967399 0.76407874 16
1579418967418 0.83879495 17
1579418967438 0.78089947 18
1579418967457 0.85587984 19
1579418967477 0.7814494 20
1579418967498 0.84938353 21
1579418967526 0.84893525 22
1579418967548 0.720254 23
1579418967569 0.846846 24
1579418967589 0.8369439 25
1579418967607 0.8440078 26
1579418967626 0.8009007 27
1579418967644 0.85012054 28
1579418967662 0.8478399 29
1579418967678 0.8560574 30
1579418967692 0.87739444 31
1579418967707 0.7882314 32
1579418967721 0.8249109 33
1579418967736 0.83754355 34
1579418967751 0.8486396 35
1579418967765 0.85959655 36
