1579418966279 0.29090908 1
1579418966297 0.46029812 2
1579418966315 0.608683 3
1579418966335 0.6308898 4
1579418966354 0.6240896 5
1579418966372 0.634182 6
1579418966393 0.6347697 7
1579418966415 0.7015999 8
1579418966436 0.5509421 9
1579418966459 0.5795985 10
1579418966482 0.6639543 11
1579418966508 0.71621495 12
1579418966531 0.71402496 13
1579418966561 0.71571743 14
1579418966595 0.7184023 15
1579418966617 0.6603954 16
1579418966642 0.60547864 17
1579418966661 0.6958724 18
1579418966681 0.6536375 19
1579418966699 0.6515802 20
1579418966722 0.6221023 21
1579418966742 0.70086193 22
1579418966760 0.6830605 23
1579418966781 0.6934904 24
1579418966803 0.6543428 25
1579418966821 0.68052244 26
1579418966850 0.6516266 27
1579418966875 0.6440955 28
1579418966907 0.7020687 29
1579418966939 0.6737421 30
1579418966970 0.6120317 31
1579418966994 0.6821603 32
1579418967019 0.7095759 33
1579418967043 0.68807805 34
1579418967069 0.6960852 35
1579418967095 0.6211444 36
