1579398142177 0.493 1
1579398142192 0.481 2
1579398142207 0.495 3
1579398142223 0.503 4
1579398142239 0.496 5
1579398142258 0.538 6
1579398142284 0.487 7
1579398142306 0.494 8
1579398142326 0.497 9
1579398142349 0.507 10
1579398142368 0.535 11
1579398142383 0.538 12
1579398142397 0.489 13
1579398142412 0.533 14
1579398142425 0.495 15
1579398142437 0.493 16
1579398142449 0.521 17
1579398142461 0.516 18
1579398142473 0.507 19
1579398142486 0.493 20
1579398142498 0.511 21
1579398142510 0.514 22
1579398142524 0.508 23
1579398142539 0.485 24
1579398142553 0.508 25
1579398142565 0.498 26
1579398142577 0.522 27
1579398142592 0.508 28
1579398142605 0.501 29
1579398142619 0.518 30
1579398142631 0.512 31
1579398142644 0.515 32
1579398142657 0.508 33
1579398142669 0.488 34
1579398142681 0.505 35
1579398142694 0.502 36
1579398142706 0.494 37
1579398142719 0.507 38
1579398142731 0.502 39
1579398142744 0.512 40
1579398142756 0.505 41
1579398142768 0.509 42
1579398142781 0.513 43
1579398142794 0.514 44
1579398142806 0.486 45
1579398142818 0.494 46
1579398142831 0.494 47
