1579398144145 0.30411685 1
1579398144158 0.31728235 2
1579398144170 0.38581732 3
1579398144184 0.6414852 4
1579398144197 0.5116346 5
1579398144210 0.5241658 6
1579398144223 0.5073644 7
1579398144236 0.49667194 8
1579398144249 0.44917136 9
1579398144262 0.43713337 10
1579398144275 0.44068626 11
1579398144288 0.53774107 12
1579398144301 0.4919861 13
1579398144314 0.50962335 14
1579398144327 0.46354657 15
1579398144340 0.3241568 16
1579398144353 0.37776217 17
1579398144366 0.44009006 18
1579398144379 0.4606791 19
1579398144391 0.46928036 20
1579398144404 0.51494926 21
1579398144417 0.54940873 22
1579398144430 0.3523384 23
1579398144442 0.5969119 24
1579398144455 0.1998084 25
1579398144467 0.56517285 26
1579398144481 0.36840376 27
1579398144495 0.5658625 28
1579398144508 0.343186 29
1579398144520 0.629575 30
1579398144533 0.6355819 31
1579398144550 0.32485005 32
1579398144566 0.62095284 33
1579398144581 0.25454542 34
1579398144594 0.6637584 35
1579398144607 0.33894014 36
1579398144622 0.34657702 37
1579398144637 0.6661047 38
1579398144649 0.33937374 39
1579398144662 0.6153354 40
1579398144675 0.5434252 41
1579398144687 0.43537897 42
1579398144700 0.5442342 43
1579398144713 0.48283064 44
1579398144726 0.33090603 45
1579398144742 0.45378023 46
1579398144754 0.49163875 47
