1579398143513 0.24891305 1
1579398143531 0.49311024 2
1579398143548 0.5433439 3
1579398143563 0.5013026 4
1579398143578 0.5040876 5
1579398143591 0.5595822 6
1579398143603 0.48969072 7
1579398143617 0.49440742 8
1579398143630 0.53146696 9
1579398143643 0.54042697 10
1579398143657 0.5453247 11
1579398143669 0.5362957 12
1579398143682 0.48836538 13
1579398143694 0.5414243 14
1579398143707 0.5208256 15
1579398143720 0.4460678 16
1579398143733 0.5444182 17
1579398143747 0.50930685 18
1579398143760 0.5209441 19
1579398143773 0.49845678 20
1579398143786 0.52033377 21
1579398143799 0.52157795 22
1579398143811 0.45912522 23
1579398143824 0.4940677 24
1579398143838 0.56157637 25
1579398143851 0.50178695 26
1579398143864 0.5668622 27
1579398143877 0.510883 28
1579398143890 0.50374997 29
1579398143903 0.5167662 30
1579398143915 0.5040419 31
1579398143928 0.51644737 32
1579398143941 0.50155854 33
1579398143953 0.74337745 34
1579398143966 0.5051707 35
1579398143979 0.75255966 36
1579398143992 0.74733096 37
1579398144005 0.50086 38
1579398144017 0.75319695 39
1579398144031 0.5114552 40
1579398144046 0.5067924 41
1579398144061 0.49250406 42
1579398144077 0.52317464 43
1579398144093 0.52001125 44
1579398144105 0.48731607 45
1579398144120 0.5179918 46
1579398144133 0.50878274 47
