1579398142843 0.39078498 1
1579398142855 0.42480737 2
1579398142867 0.3376825 3
1579398142882 0.893813 4
1579398142896 0.5864344 5
1579398142908 0.57167333 6
1579398142920 0.60170954 7
1579398142932 0.59114754 8
1579398142944 0.5430023 9
1579398142956 0.51098126 10
1579398142969 0.43488216 11
1579398142981 0.5417365 12
1579398142994 0.4965971 13
1579398143007 0.5168839 14
1579398143019 0.4871714 15
1579398143035 0.38971543 16
1579398143050 0.33205742 17
1579398143063 0.45987704 18
1579398143076 0.42025828 19
1579398143089 0.45126018 20
1579398143102 0.5177426 21
1579398143116 0.61617 22
1579398143129 0.43625534 23
1579398143142 0.755 24
1579398143155 0.1217836 25
1579398143168 0.6487491 26
1579398143181 0.45367232 27
1579398143193 0.65487707 28
1579398143206 0.5033113 29
1579398143218 0.80732703 30
1579398143231 0.8614149 31
1579398143243 0.3984553 32
1579398143256 0.8150393 33
1579398143268 0.2592761 34
1579398143282 0.9678218 35
1579398143295 0.49577236 36
1579398143307 0.47701886 37
1579398143322 0.9957811 38
1579398143335 0.48861638 39
1579398143348 0.79926026 40
1579398143363 0.63104707 41
1579398143383 0.44972035 42
1579398143408 0.6691542 43
1579398143434 0.59731543 44
1579398143459 0.26145318 45
1579398143480 0.5793269 46
1579398143497 0.6142642 47
