1579396211174 0.2595692 1
1579396211189 0.34904075 2
1579396211206 0.38762358 3
1579396211225 0.49528652 4
1579396211245 0.3825026 5
1579396211272 0.45203945 6
1579396211293 0.4299639 7
1579396211320 0.52141356 8
1579396211342 0.49585178 9
1579396211361 0.5408209 10
1579396211381 0.5404685 11
1579396211404 0.5225611 12
1579396211422 0.53459454 13
1579396211437 0.53779715 14
1579396211455 0.59410536 15
1579396211471 0.58150345 16
1579396211486 0.54364073 17
1579396211501 0.66621614 18
1579396211520 0.6279 19
1579396211537 0.6531678 20
