1579396210837 0.30173913 1
1579396210853 0.3791268 2
1579396210869 0.4923026 3
1579396210886 0.5659825 4
1579396210907 0.5833063 5
1579396210923 0.62153846 6
1579396210938 0.5300315 7
1579396210953 0.5807203 8
1579396210969 0.6212974 9
1579396210984 0.5936563 10
1579396210999 0.6447133 11
1579396211019 0.6324148 12
1579396211034 0.66623414 13
1579396211050 0.6745409 14
1579396211065 0.65485716 15
1579396211081 0.63885355 16
1579396211103 0.70146704 17
1579396211120 0.6735131 18
1579396211138 0.72171915 19
1579396211158 0.71712136 20
