1579396210505 0.32078597 1
1579396210525 0.43765986 2
1579396210541 0.42867884 3
1579396210556 0.53102094 4
1579396210572 0.43577406 5
1579396210587 0.44808257 6
1579396210603 0.48987108 7
1579396210618 0.5716189 8
1579396210638 0.5280707 9
1579396210661 0.5868145 10
1579396210678 0.5562986 11
1579396210694 0.5535841 12
1579396210710 0.54059684 13
1579396210726 0.577189 14
1579396210741 0.6172963 15
1579396210756 0.6387641 16
1579396210775 0.5692912 17
1579396210791 0.68758714 18
1579396210806 0.6586627 19
1579396210821 0.6331006 20
