1579388888919 0.49203187 0
1579388888932 0.5105042 1
1579388888944 0.51945853 2
1579388888956 0.5328798 3
1579388888969 0.5410959 4
1579388888981 0.5427975 5
1579388888993 0.5338491 6
1579388889007 0.5574614 7
1579388889021 0.546875 8
1579388889033 0.5676127 9
1579388889045 0.55492425 10
1579388889058 0.5892575 11
1579388889070 0.5685484 12
1579388889082 0.5904762 13
1579388889095 0.59437084 14
1579388889107 0.59143966 15
1579388889120 0.6066434 16
1579388889132 0.6091954 17
1579388889144 0.6115108 18
1579388889157 0.62374246 19
