1579388888663 0.49105367 0
1579388888676 0.4831014 1
1579388888688 0.610338 2
1579388888700 0.46719682 3
1579388888713 0.62823063 4
1579388888725 0.51689863 5
1579388888737 0.5487078 6
1579388888749 0.6461233 7
1579388888762 0.55666006 8
1579388888773 0.6759443 9
1579388888786 0.582505 10
1579388888803 0.7415507 11
1579388888818 0.56063616 12
1579388888832 0.6163022 13
1579388888845 0.7137177 14
1579388888857 0.60437375 15
1579388888870 0.6898608 16
1579388888882 0.63220674 17
1579388888894 0.6759443 18
1579388888907 0.6163022 19
