1579419883114 0.4761236 1
1579419883128 0.4199438 2
1579419883142 0.43679774 3
1579419883160 0.6530899 4
1579419883178 0.6755618 5
1579419883197 0.69101125 6
1579419883214 0.71910113 7
1579419883231 0.7331461 8
1579419883246 0.53651685 9
1579419883260 0.7570225 10
1579419883275 0.7696629 11
1579419883289 0.7485955 12
1579419883304 0.7724719 13
1579419883318 0.81320226 14
1579419883332 0.7851124 15
1579419883346 0.76825845 16
1579419883361 0.7401685 17
1579419883375 0.8202247 18
1579419883390 0.8230337 19
1579419883405 0.8075843 20
1579419883420 0.7851124 21
1579419883434 0.8005618 22
1579419883448 0.78932583 23
1579419883462 0.8174157 24
1579419883476 0.8216292 25
1579419883491 0.82865167 26
1579419883505 0.7233146 27
1579419883520 0.70926964 28
1579419883535 0.79353935 29
1579419883550 0.7626405 30
1579419883564 0.7949438 31
1579419883579 0.81179774 32
1579419883593 0.7626405 33
1579419883608 0.8202247 34
1579419883623 0.8328652 35
1579419883637 0.8202247 36
1579419883657 0.7991573 37
1579419883676 0.7851124 38
1579419883695 0.8216292 39
1579419883713 0.755618 40
1579419883730 0.81601125 41
1579419883745 0.8216292 42
