1579419885081 0.23865876 1
1579419885096 0.3069823 2
1579419885111 0.5586186 3
1579419885126 0.3416615 4
1579419885140 0.31249073 5
1579419885156 0.3948992 6
1579419885174 0.5109706 7
1579419885191 0.4542252 8
1579419885206 0.47833765 9
1579419885221 0.6059118 10
1579419885236 0.593752 11
1579419885251 0.59423774 12
1579419885265 0.63966703 13
1579419885280 0.7355212 14
1579419885296 0.67300504 15
1579419885311 0.5932538 16
1579419885326 0.66302305 17
1579419885340 0.74842095 18
1579419885355 0.74662614 19
1579419885369 0.70637107 20
1579419885384 0.678131 21
1579419885398 0.702139 22
1579419885414 0.645128 23
1579419885430 0.750965 24
1579419885445 0.749828 25
1579419885459 0.7598343 26
1579419885474 0.6450983 27
1579419885488 0.45576274 28
1579419885504 0.70791245 29
1579419885520 0.643455 30
1579419885535 0.69248116 31
1579419885550 0.7356037 32
1579419885564 0.6270319 33
1579419885579 0.74494517 34
1579419885594 0.76031816 35
1579419885610 0.74517834 36
1579419885625 0.7046492 37
1579419885640 0.65138525 38
1579419885656 0.75073415 39
1579419885674 0.6405643 40
1579419885692 0.72730076 41
1579419885706 0.7495748 42
