1579419884375 0.17690058 1
1579419884389 0.27251828 2
1579419884404 0.40331528 3
1579419884419 0.6440972 4
1579419884435 0.82307696 5
1579419884450 0.81038135 6
1579419884464 0.783221 7
1579419884479 0.7856826 8
1579419884493 0.63548386 9
1579419884509 0.8171396 10
1579419884524 0.8335753 11
1579419884538 0.77900106 12
1579419884554 0.7883815 13
1579419884568 0.80389607 14
1579419884583 0.80062795 15
1579419884599 0.8195187 16
1579419884613 0.72208273 17
1579419884628 0.81439924 18
1579419884642 0.8363713 19
1579419884659 0.7916371 20
1579419884676 0.8115477 21
1579419884692 0.8406477 22
1579419884708 0.83444077 23
1579419884730 0.8165291 24
1579419884748 0.8138889 25
1579419884763 0.7959332 26
1579419884778 0.69076 27
1579419884793 0.9237288 28
1579419884810 0.7972413 29
1579419884826 0.7855946 30
1579419884842 0.84662354 31
1579419884858 0.79103386 32
1579419884874 0.8259804 33
1579419884902 0.8358151 34
1579419884929 0.8183877 35
1579419884959 0.8322757 36
1579419884977 0.81760204 37
1579419884995 0.88674486 38
1579419885014 0.7989796 39
1579419885032 0.7790709 40
1579419885050 0.8718893 41
1579419885067 0.8091615 42
