1579419883759 0.36666667 1
1579419883774 0.5260869 2
1579419883788 0.9166666 3
1579419883803 0.23261833 4
1579419883817 0.19285554 5
1579419883832 0.2619286 6
1579419883847 0.38223648 7
1579419883861 0.38303682 8
1579419883876 0.60809594 9
1579419883890 0.4902956 10
1579419883904 0.49742672 11
1579419883919 0.54959893 12
1579419883934 0.57442856 13
1579419883949 0.6845238 14
1579419883963 0.59070826 15
1579419883977 0.5324457 16
1579419883992 0.66907513 17
1579419884007 0.69248956 18
1579419884022 0.67951286 19
1579419884036 0.6477468 20
1579419884050 0.6154891 21
1579419884065 0.6318819 22
1579419884079 0.5661982 23
1579419884093 0.7008692 24
1579419884108 0.695192 25
1579419884123 0.7272313 26
1579419884137 0.70248425 27
1579419884153 0.34608382 28
1579419884170 0.6425009 29
1579419884186 0.5835799 30
1579419884200 0.5955454 31
1579419884215 0.6916536 32
1579419884231 0.54947615 33
1579419884246 0.67848265 34
1579419884260 0.71005917 35
1579419884274 0.68257964 36
1579419884289 0.6415944 37
1579419884303 0.5339506 38
1579419884317 0.7110405 39
1579419884332 0.6159875 40
1579419884347 0.63175094 41
1579419884361 0.6998433 42
