1579410779119 0.507 1
1579410779138 0.479 2
1579410779159 0.468 3
1579410779175 0.514 4
1579410779190 0.498 5
1579410779206 0.522 6
1579410779226 0.483 7
1579410779246 0.515 8
1579410779270 0.519 9
1579410779294 0.5 10
1579410779314 0.525 11
1579410779336 0.51 12
1579410779356 0.498 13
1579410779372 0.507 14
1579410779387 0.502 15
1579410779403 0.511 16
1579410779418 0.495 17
1579410779434 0.494 18
1579410779449 0.499 19
1579410779464 0.516 20
1579410779482 0.534 21
1579410779499 0.487 22
1579410779514 0.497 23
1579410779531 0.487 24
1579410779546 0.515 25
1579410779559 0.505 26
1579410779572 0.521 27
1579410779585 0.514 28
1579410779597 0.508 29
1579410779612 0.484 30
1579410779628 0.497 31
1579410779644 0.519 32
1579410779660 0.499 33
1579410779675 0.516 34
1579410779691 0.497 35
1579410779706 0.512 36
1579410779720 0.5 37
1579410779736 0.496 38
1579410779752 0.508 39
