1579410780994 0.14520545 1
1579410781008 0.34787503 2
1579410781021 0.63187534 3
1579410781035 0.4725291 4
1579410781048 0.48579115 5
1579410781062 0.5122448 6
1579410781075 0.51661 7
1579410781089 0.49288535 8
1579410781102 0.4395641 9
1579410781117 0.42758512 10
1579410781131 0.44424284 11
1579410781144 0.43024927 12
1579410781158 0.4327466 13
1579410781171 0.44876233 14
1579410781187 0.33952248 15
1579410781201 0.308212 16
1579410781214 0.3706385 17
1579410781228 0.40985188 18
1579410781241 0.2641639 19
1579410781255 0.44584623 20
1579410781268 0.6085019 21
1579410781282 0.32400295 22
1579410781294 0.32010332 23
1579410781308 0.3164179 24
1579410781321 0.16048747 25
1579410781334 0.1316018 26
1579410781347 0.0042553185 27
1579410781361 0.33201423 28
1579410781376 0.21395108 29
1579410781390 0.3135215 30
1579410781412 0.3220588 31
1579410781428 0.0 32
1579410781444 0.31730768 33
1579410781460 0.32558137 34
1579410781476 0.3211488 35
1579410781492 0.32625994 36
1579410781505 0.6367434 37
1579410781519 0.32168847 38
1579410781533 0.32758617 39
