1579410780430 0.22268908 1
1579410780450 0.4664262 2
1579410780463 0.47393292 3
1579410780477 0.5011393 4
1579410780491 0.47730076 5
1579410780505 0.5022436 6
1579410780518 0.4702226 7
1579410780532 0.49331194 8
1579410780545 0.4970588 9
1579410780559 0.46885926 10
1579410780575 0.51033056 11
1579410780588 0.48273438 12
1579410780602 0.4625311 13
1579410780618 0.50223774 14
1579410780632 0.4660529 15
1579410780646 0.47847706 16
1579410780660 0.45702112 17
1579410780677 0.44333333 18
1579410780694 0.44746774 19
1579410780707 0.47330445 20
1579410780721 0.5076722 21
1579410780735 0.48210412 22
1579410780749 0.73617506 23
1579410780763 0.23245615 24
1579410780777 0.7363636 25
1579410780791 0.34078947 26
1579410780805 0.49999994 27
1579410780819 0.41417167 28
1579410780835 0.42696953 29
1579410780849 0.2308534 30
1579410780862 0.23752712 31
1579410780876 0.0 32
1579410780891 0.23913044 33
1579410780907 0.24843423 34
1579410780922 0.23883495 35
1579410780936 0.246 36
1579410780950 0.4888168 37
1579410780964 0.2376344 38
1579410780979 0.24358974 39
