1579410779769 0.10772358 1
1579410779786 0.5170213 2
1579410779803 0.95085466 3
1579410779820 0.48515785 4
1579410779838 0.50145876 5
1579410779855 0.5244348 6
1579410779872 0.6109725 7
1579410779888 0.58999145 8
1579410779905 0.5087719 9
1579410779921 0.47484776 10
1579410779938 0.42953634 11
1579410779954 0.4361624 12
1579410779971 0.5228368 13
1579410779986 0.4773856 14
1579410780003 0.26952827 15
1579410780019 0.22786133 16
1579410780035 0.3241259 17
1579410780052 0.42350823 18
1579410780068 0.1876172 19
1579410780083 0.5641741 20
1579410780099 0.7775673 21
1579410780116 0.501448 22
1579410780133 0.48085165 23
1579410780149 0.49532712 24
1579410780165 0.1190551 25
1579410780181 0.09267647 26
1579410780197 0.0021367522 27
1579410780213 0.48660713 28
1579410780229 0.14650115 29
1579410780248 0.48842594 30
1579410780263 0.5 31
1579410780279 0.0 32
1579410780293 0.47142857 33
1579410780306 0.4722222 34
1579410780323 0.49003986 35
1579410780343 0.48425198 36
1579410780366 0.91659534 37
1579410780385 0.49774775 38
1579410780410 0.5 39
