1605143924898 0.3595505617977528 1
1605143924911 0.37359550561797755 2
1605143924924 0.39747191011235955 3
1605143924938 0.41151685393258425 4
1605143924952 0.46769662921348315 5
1605143924965 0.5280898876404494 6
1605143924979 0.5449438202247191 7
1605143924992 0.5926966292134831 8
1605143925005 0.6221910112359551 9
1605143925019 0.6418539325842697 10
1605143925032 0.6460674157303371 11
1605143925047 0.6446629213483146 12
1605143925060 0.6362359550561798 13
1605143925083 0.6432584269662921 14
1605143925107 0.6432584269662921 15
1605143925128 0.6460674157303371 16
1605143925143 0.6432584269662921 17
1605143925157 0.6432584269662921 18
1605143925170 0.6474719101123596 19
1605143925187 0.6502808988764045 20
1605143925201 0.6474719101123596 21
1605143925214 0.651685393258427 22
1605143925229 0.6530898876404494 23
1605143925243 0.6629213483146067 24
1605143925256 0.6601123595505618 25
1605143925269 0.6573033707865169 26
1605143925286 0.6587078651685393 27
1605143925300 0.6741573033707865 28
1605143925313 0.6797752808988764 29
1605143925327 0.6685393258426966 30
1605143925340 0.6699438202247191 31
1605143925354 0.6741573033707865 32
1605143925367 0.6769662921348315 33
1605143925381 0.6839887640449438 34
1605143925395 0.6882022471910112 35
1605143925410 0.6867977528089888 36
1605143925426 0.6882022471910112 37
1605143925443 0.702247191011236 38
1605143925456 0.7064606741573034 39
1605143925471 0.702247191011236 40
1605143925485 0.702247191011236 41
1605143925499 0.7106741573033708 42
1605143925513 0.7176966292134831 43
1605143925527 0.7219101123595506 44
1605143925540 0.7176966292134831 45
1605143925554 0.7205056179775281 46
1605143925568 0.7205056179775281 47
1605143925582 0.7219101123595506 48
1605143925596 0.723314606741573 49
1605143925610 0.7219101123595506 50
