1605143927040 0.5100432471947723 1
1605143927054 0.4971965897953912 2
1605143927069 0.49733806326148217 3
1605143927083 0.4706473157981808 4
1605143927097 0.45976392405756406 5
1605143927111 0.4455530375577091 6
1605143927126 0.3936990633439482 7
1605143927140 0.36168604319015246 8
1605143927156 0.3087188768922613 9
1605143927173 0.26483426870924703 10
1605143927190 0.23799260144823053 11
1605143927207 0.24518011326200506 12
1605143927224 0.21970504522323608 13
1605143927241 0.21677469001727157 14
1605143927259 0.18633210592055588 15
1605143927275 0.20513331488277134 16
1605143927290 0.17981370580330325 17
1605143927304 0.19552173641290557 18
1605143927318 0.204420914810695 19
1605143927332 0.21496738409728147 20
1605143927347 0.20834942346208551 21
1605143927361 0.21628646636277102 22
1605143927375 0.20997940623358394 23
1605143927390 0.24718363097544466 24
1605143927404 0.24920992369062445 25
1605143927418 0.2361019772759984 26
1605143927433 0.23006610789995516 27
1605143927447 0.30064706052287243 28
1605143927461 0.3142644850055823 29
1605143927476 0.2883234184779478 30
1605143927491 0.2935977464311578 31
1605143927505 0.29859190040759825 32
1605143927520 0.32432871353760195 33
1605143927534 0.342466505725732 34
1605143927550 0.3569983073164908 35
1605143927567 0.35044390298007577 36
1605143927582 0.340281678719467 37
1605143927596 0.3915855988357844 38
1605143927611 0.4065522045901652 39
1605143927626 0.40026641427800896 40
1605143927640 0.41191988882054104 41
1605143927654 0.43777500109726125 42
1605143927669 0.44847631186581727 43
1605143927683 0.45030063457703323 44
1605143927697 0.4579182756081056 45
1605143927712 0.46562346447719616 46
1605143927726 0.45476015899958233 47
1605143927741 0.4717391890086485 48
1605143927755 0.45790877904784816 49
1605143927769 0.45110528924491966 50
