1605143926332 0.3631449857454621 1
1605143926346 0.36202055014921036 2
1605143926360 0.3675185830405589 3
1605143926374 0.36065917118881524 4
1605143926388 0.38609113184253824 5
1605143926402 0.4065846727135476 6
1605143926416 0.4103112823507759 7
1605143926431 0.4487572412812308 8
1605143926445 0.5099892589483368 9
1605143926459 0.6030124814322825 10
1605143926473 0.6734439121203476 11
1605143926487 0.6191546381189582 12
1605143926500 0.6488707360256923 13
1605143926514 0.7131086038739494 14
1605143926528 0.6598180920890208 15
1605143926542 0.7138576829031612 16
1605143926556 0.6289994636278474 17
1605143926570 0.7370786532927095 18
1605143926584 0.7248796184411209 19
1605143926598 0.8177635053570351 20
1605143926612 0.7000534989860621 21
1605143926626 0.6696629256344913 22
1605143926640 0.7842696664038669 23
1605143926654 0.8171214521600959 24
1605143926668 0.7855537594034431 25
1605143926683 0.7842696690827273 26
1605143926697 0.7775280917628428 27
1605143926711 0.8276083522968078 28
1605143926725 0.826246415631155 29
1605143926739 0.7642946323651946 30
1605143926754 0.7915462911798713 31
1605143926767 0.7976458045873749 32
1605143926782 0.8062065303995368 33
1605143926796 0.8573212034246894 34
1605143926810 0.8403035214777743 35
1605143926824 0.867950781007831 36
1605143926838 0.8648118329851815 37
1605143926852 0.8763558569918858 38
1605143926866 0.862390795450532 39
1605143926881 0.8499667617712128 40
1605143926896 0.8371678296099888 41
1605143926910 0.8411239278450441 42
1605143926926 0.867195231191228 43
1605143926941 0.8588128518522455 44
1605143926955 0.8828039651506403 45
1605143926969 0.8363249810893884 46
1605143926984 0.8450887471102597 47
1605143926997 0.8715569088967998 48
1605143927011 0.8598011316878073 49
1605143927026 0.8460141621278913 50
