1605143925624 0.890909054306116 1
1605143925638 0.8213627726844187 2
1605143925652 0.7863227222742659 3
1605143925665 0.6997661858462216 4
1605143925679 0.5977508003792066 5
1605143925694 0.5018555341141947 6
1605143925708 0.3889220226346777 7
1605143925721 0.3110288858748554 8
1605143925735 0.22776094648275483 9
1605143925749 0.17319853721040018 10
1605143925762 0.15085852949806813 11
1605143925780 0.15651687008611273 12
1605143925795 0.14168395654539043 13
1605143925809 0.13889116484127687 14
1605143925823 0.1105595040187407 15
1605143925837 0.12349885635161667 16
1605143925850 0.10874960864527841 17
1605143925864 0.11386944705180907 18
1605143925877 0.12152273534389024 19
1605143925892 0.13014641839466737 20
1605143925905 0.12563497129451023 21
1605143925919 0.12998280230532872 22
1605143925934 0.12281729783234971 23
1605143925947 0.14795119206557114 24
1605143925961 0.15463019321473798 25
1605143925975 0.1425902605726478 26
1605143925989 0.13739223543847545 27
1605143926002 0.18869854660516375 28
1605143926016 0.20142397284507751 29
1605143926029 0.18167873949147342 30
1605143926044 0.1816689425639892 31
1605143926057 0.1878382068001822 32
1605143926077 0.21001247894228176 33
1605143926091 0.21563728538791785 34
1605143926105 0.23375916363817922 35
1605143926119 0.22451931204688683 36
1605143926134 0.22145221641894136 37
1605143926148 0.2616453348250871 38
1605143926162 0.2687641576434789 39
1605143926178 0.27107912435960235 40
1605143926192 0.2781126011958283 41
1605143926206 0.29736269558413647 42
1605143926221 0.30789020222224545 43
1605143926235 0.3147558690456862 44
1605143926249 0.3151419788933872 45
1605143926263 0.3286217236786746 46
1605143926277 0.3176312014627992 47
1605143926291 0.3278132610106736 48
1605143926305 0.31851606556538786 49
1605143926318 0.31878862889964926 50
