1579418925306 0.5969101 1
1579418925320 0.630618 2
1579418925334 0.7485955 3
1579418925348 0.7401685 4
1579418925362 0.7921348 5
1579418925376 0.7668539 6
1579418925393 0.81320226 7
1579418925408 0.7668539 8
1579418925428 0.79073036 9
1579418925449 0.81179774 10
1579418925469 0.7949438 11
1579418925490 0.79353935 12
1579418925508 0.8047753 13
1579418925525 0.8005618 14
1579418925544 0.7991573 15
1579418925561 0.7949438 16
1579418925577 0.7851124 17
1579418925594 0.8103933 18
1579418925609 0.80898875 19
1579418925624 0.81601125 20
1579418925642 0.8047753 21
1579418925663 0.8033708 22
1579418925681 0.81601125 23
1579418925702 0.8216292 24
1579418925734 0.8300562 25
1579418925766 0.8075843 26
1579418925790 0.7949438 27
1579418925812 0.8216292 28
1579418925830 0.8272472 29
1579418925847 0.81320226 30
1579418925863 0.8216292 31
