1579418927005 0.37149057 1
1579418927023 0.46203166 2
1579418927041 0.6193231 3
1579418927059 0.61147666 4
1579418927075 0.70186585 5
1579418927090 0.6417624 6
1579418927104 0.7352665 7
1579418927119 0.6235886 8
1579418927139 0.6365008 9
1579418927157 0.7444907 10
1579418927175 0.70092624 11
1579418927193 0.678651 12
1579418927211 0.7087349 13
1579418927228 0.7113297 14
1579418927246 0.7103668 15
1579418927261 0.69138855 16
1579418927276 0.6526182 17
1579418927297 0.6936391 18
1579418927315 0.68951136 19
1579418927332 0.7274927 20
1579418927350 0.6997745 21
1579418927368 0.7218231 22
1579418927390 0.69818586 23
1579418927412 0.74229664 24
1579418927439 0.76202697 25
1579418927471 0.71165 26
1579418927495 0.6781375 27
1579418927515 0.710491 28
1579418927533 0.76343113 29
1579418927552 0.7118981 30
1579418927570 0.7432858 31
