1579418926378 0.5202599 1
1579418926399 0.7182669 2
1579418926416 0.7381378 3
1579418926434 0.7411787 4
1579418926459 0.8109888 5
1579418926483 0.76862806 6
1579418926503 0.810739 7
1579418926527 0.73636156 8
1579418926552 0.83468145 9
1579418926576 0.8049929 10
1579418926600 0.8023625 11
1579418926625 0.7826952 12
1579418926647 0.822006 13
1579418926667 0.83290094 14
1579418926685 0.81093144 15
1579418926703 0.8071829 16
1579418926722 0.8499187 17
1579418926741 0.78733766 18
1579418926762 0.83682436 19
1579418926779 0.8348491 20
1579418926797 0.83409554 21
1579418926817 0.8211636 22
1579418926835 0.8817808 23
1579418926853 0.86089796 24
1579418926869 0.8353886 25
1579418926887 0.8432923 26
1579418926907 0.8532641 27
1579418926926 0.83549017 28
1579418926949 0.84468555 29
1579418926967 0.8164293 30
1579418926985 0.82412606 31
