1579418925881 0.36807048 1
1579418925899 0.49988177 2
1579418925915 0.58055896 3
1579418925933 0.63539475 4
1579418925949 0.65939236 5
1579418925963 0.606165 6
1579418925977 0.6813681 7
1579418925991 0.6279233 8
1579418926006 0.5634955 9
1579418926020 0.7056782 10
1579418926034 0.6324542 11
1579418926049 0.62056136 12
1579418926063 0.6380805 13
1579418926078 0.64371544 14
1579418926092 0.6468637 15
1579418926107 0.62706864 16
1579418926121 0.5464217 17
1579418926135 0.63598675 18
1579418926150 0.6141021 19
1579418926169 0.6641093 20
1579418926187 0.61391884 21
1579418926205 0.65498364 22
1579418926227 0.5988738 23
1579418926249 0.65704435 24
1579418926265 0.7109318 25
1579418926284 0.641591 26
1579418926300 0.5813617 27
1579418926317 0.6321323 28
1579418926332 0.71248573 29
1579418926346 0.64804596 30
1579418926360 0.6846169 31
