1605143806786 0.4410112359550562 1
1605143806802 0.5758426966292135 2
1605143806819 0.6067415730337079 3
1605143806836 0.6053370786516854 4
1605143806852 0.6137640449438202 5
1605143806869 0.6165730337078652 6
1605143806885 0.625 7
1605143806901 0.6362359550561798 8
1605143806917 0.625 9
1605143806934 0.6292134831460674 10
1605143806950 0.6390449438202247 11
1605143806966 0.6334269662921348 12
1605143806983 0.6362359550561798 13
1605143806998 0.6446629213483146 14
1605143807014 0.6474719101123596 15
1605143807030 0.6530898876404494 16
1605143807046 0.6460674157303371 17
1605143807067 0.6601123595505618 18
1605143807088 0.6867977528089888 19
1605143807110 0.672752808988764 20
1605143807130 0.672752808988764 21
1605143807154 0.675561797752809 22
1605143807179 0.6769662921348315 23
1605143807206 0.6896067415730337 24
1605143807248 0.6825842696629213 25
1605143807297 0.6910112359550562 26
1605143807326 0.7008426966292135 27
1605143807344 0.6980337078651685 28
1605143807361 0.7205056179775281 29
1605143807378 0.7148876404494382 30
1605143807397 0.7078651685393258 31
1605143807414 0.7176966292134831 32
1605143807431 0.7219101123595506 33
1605143807448 0.7176966292134831 34
1605143807465 0.723314606741573 35
1605143807484 0.7205056179775281 36
1605143807502 0.7219101123595506 37
1605143807520 0.7373595505617978 38
1605143807538 0.7345505617977528 39
1605143807555 0.7429775280898876 40
1605143807572 0.7359550561797753 41
1605143807589 0.7373595505617978 42
1605143807606 0.7387640449438202 43
1605143807627 0.7373595505617978 44
1605143807645 0.7485955056179775 45
1605143807663 0.7471910112359551 46
1605143807680 0.7443820224719101 47
1605143807696 0.7471910112359551 48
1605143807712 0.7556179775280899 49
1605143807727 0.7584269662921348 50
