1605143809254 0.31703849454944055 1
1605143809270 0.3177759352694736 2
1605143809297 0.2735263996579674 3
1605143809323 0.2281799108794566 4
1605143809344 0.16804284727975224 5
1605143809359 0.11792393447308058 6
1605143809375 0.12013494030813153 7
1605143809390 0.1340156492222561 8
1605143809405 0.09794229804799798 9
1605143809420 0.11821884988399034 10
1605143809438 0.12911901045381352 11
1605143809452 0.11173351226228007 12
1605143809470 0.1305405032098963 13
1605143809486 0.16140055455518573 14
1605143809501 0.17483767364801986 15
1605143809524 0.18903813737162042 16
1605143809577 0.19500718726201005 17
1605143809609 0.22840251982881782 18
1605143809627 0.32849708433901326 19
1605143809648 0.2708801647250572 20
1605143809670 0.3041648864746094 21
1605143809691 0.3088828244905793 22
1605143809727 0.31618569808059865 23
1605143809747 0.3576408296488644 24
1605143809773 0.3058121666479646 25
1605143809798 0.37392411071263004 26
1605143809818 0.3745983484086026 27
1605143809838 0.3867831930015864 28
1605143809853 0.4685874762160055 29
1605143809868 0.43662617447670926 30
1605143809883 0.4283711535207341 31
1605143809897 0.46292884430188813 32
1605143809912 0.46012800998902054 33
1605143809926 0.45692230342479234 34
1605143809941 0.46215176883708226 35
1605143809956 0.4752429656768113 36
1605143809970 0.478245100948248 37
1605143809985 0.5045791181285729 38
1605143809999 0.5168955754697993 39
1605143810013 0.535107580463538 40
1605143810027 0.513635448525461 41
1605143810041 0.5282224142149593 42
1605143810056 0.5250039164269908 43
1605143810072 0.5306739150808099 44
1605143810088 0.5491416990087273 45
1605143810106 0.551428502865052 46
1605143810127 0.538551378116179 47
1605143810146 0.5537464139836558 48
1605143810165 0.5752292161577204 49
1605143810189 0.5829694445213575 50
