1605143808538 0.3086210516061676 1
1605143808551 0.4136255242851343 2
1605143808565 0.47260156206870346 3
1605143808579 0.4516627025068476 4
1605143808592 0.4730337161696359 5
1605143808607 0.39539861545134125 6
1605143808621 0.5213483156782858 7
1605143808634 0.6080256740698654 8
1605143808648 0.544569279370683 9
1605143808661 0.6082396935880854 10
1605143808675 0.7940074620621927 11
1605143808689 0.6741572872976239 12
1605143808702 0.7093632877542732 13
1605143808717 0.7700374260377348 14
1605143808731 0.6816479409678599 15
1605143808745 0.8434456814540906 16
1605143808759 0.7421080624119619 17
1605143808775 0.807383632392026 18
1605143808789 0.9336057178090128 19
1605143808803 0.7620474461759075 20
1605143808817 0.8455858766362908 21
1605143808832 0.8531835253319043 22
1605143808845 0.7982878577843141 23
1605143808859 0.8321319108598688 24
1605143808874 0.797752808988764 25
1605143808888 0.8366684485017584 26
1605143808902 0.8668971476929911 27
1605143808916 0.8593543821506286 28
1605143808930 0.853449425000823 29
1605143808943 0.7990002524986696 30
1605143808957 0.8479011661550971 31
1605143808971 0.8524281670538227 32
1605143808985 0.8763266788439804 33
1605143808998 0.8639427999432168 34
1605143809012 0.8920278227731083 35
1605143809026 0.850294273890806 36
1605143809040 0.8478961781169592 37
1605143809053 0.8606514662839053 38
1605143809067 0.8421002237984304 39
1605143809081 0.8795596441526091 40
1605143809094 0.8402840622355429 41
1605143809108 0.8535374791434641 42
1605143809123 0.8590431842911109 43
1605143809139 0.8333203605051791 44
1605143809153 0.8211507636509584 45
1605143809170 0.8311396555954151 46
1605143809185 0.8144576254855381 47
1605143809203 0.8711369801103399 48
1605143809222 0.8465467678027206 49
1605143809237 0.8360085326634096 50
