1605143807744 0.339218416910493 1
1605143807763 0.27139812841844024 2
1605143807779 0.19623068745216626 3
1605143807795 0.15532869870743055 4
1605143807811 0.10379556892962938 5
1605143807828 0.0704895391892851 6
1605143807844 0.06963847795229279 7
1605143807860 0.07922366395425261 8
1605143807876 0.05586149953724293 9
1605143807892 0.06659236349416582 10
1605143807907 0.07124662365806236 11
1605143807924 0.061749186408653685 12
1605143807940 0.07353530037269164 13
1605143807953 0.09477575073081455 14
1605143807967 0.10106960005974502 15
1605143807980 0.10902611526210657 16
1605143807994 0.1165858738208085 17
1605143808007 0.13608312606811523 18
1605143808021 0.20570888847447513 19
1605143808035 0.16972019464782115 20
1605143808048 0.1904651207870312 21
1605143808063 0.19157986393135584 22
1605143808086 0.2011040033919088 23
1605143808102 0.23193010252513244 24
1605143808120 0.1933189288953717 25
1605143808137 0.24438174654928485 26
1605143808153 0.24586762973431792 27
1605143808169 0.25164312274938216 28
1605143808185 0.326773592595304 29
1605143808201 0.3040903585680415 30
1605143808217 0.2898026580890913 31
1605143808234 0.32407937927192515 32
1605143808252 0.31716336494081476 33
1605143808272 0.31397737545913523 34
1605143808293 0.3185550362876292 35
1605143808314 0.33418573154492326 36
1605143808336 0.3456940476814013 37
1605143808352 0.365760868854737 38
1605143808369 0.38150839189465124 39
1605143808386 0.3923056216052409 40
1605143808401 0.37872112734933916 41
1605143808415 0.38720068168104366 42
1605143808428 0.3856147099077032 43
1605143808442 0.39524465564931377 44
1605143808456 0.4151877030897676 45
1605143808469 0.4190781598680475 46
1605143808483 0.4210700841432207 47
1605143808497 0.4165331106842234 48
1605143808510 0.4474309093496773 49
1605143808524 0.45164288563674754 50
