1605143829417 0.5112359550561798 1
1605143829430 0.5969101123595506 2
1605143829444 0.5955056179775281 3
1605143829457 0.6193820224719101 4
1605143829472 0.6207865168539326 5
1605143829486 0.6418539325842697 6
1605143829500 0.6320224719101124 7
1605143829513 0.6334269662921348 8
1605143829526 0.6432584269662921 9
1605143829541 0.6418539325842697 10
1605143829557 0.6474719101123596 11
1605143829572 0.6404494382022472 12
1605143829588 0.6573033707865169 13
1605143829604 0.6530898876404494 14
1605143829620 0.6587078651685393 15
1605143829636 0.6587078651685393 16
1605143829652 0.6615168539325843 17
1605143829668 0.6685393258426966 18
1605143829684 0.6783707865168539 19
1605143829700 0.6741573033707865 20
1605143829715 0.6741573033707865 21
1605143829732 0.6867977528089888 22
1605143829745 0.6910112359550562 23
1605143829760 0.6910112359550562 24
1605143829775 0.6896067415730337 25
1605143829792 0.6980337078651685 26
1605143829805 0.7008426966292135 27
1605143829819 0.7008426966292135 28
1605143829838 0.7064606741573034 29
1605143829852 0.7134831460674157 30
1605143829865 0.7134831460674157 31
1605143829879 0.7120786516853933 32
1605143829892 0.7176966292134831 33
1605143829906 0.7106741573033708 34
1605143829920 0.7191011235955056 35
1605143829933 0.7191011235955056 36
1605143829946 0.7191011235955056 37
1605143829960 0.7359550561797753 38
1605143829973 0.7275280898876404 39
1605143829986 0.7317415730337079 40
1605143829999 0.7331460674157303 41
1605143830013 0.7401685393258427 42
1605143830026 0.7317415730337079 43
1605143830040 0.7373595505617978 44
1605143830053 0.7415730337078652 45
1605143830072 0.7373595505617978 46
1605143830086 0.7514044943820225 47
1605143830100 0.7471910112359551 48
1605143830114 0.7514044943820225 49
1605143830128 0.7556179775280899 50
