1605143831728 0.1908367292934589 1
1605143831743 0.11206986462132315 2
1605143831758 0.09708305691065414 3
1605143831773 0.09597349233841629 4
1605143831788 0.10619627357868666 5
1605143831802 0.1522783704018325 6
1605143831816 0.11830186442043004 7
1605143831831 0.10384752308384756 8
1605143831846 0.13788881328668487 9
1605143831860 0.14525842901026265 10
1605143831874 0.18038365479265706 11
1605143831888 0.15834551781750797 12
1605143831903 0.22563507516732376 13
1605143831917 0.20784744051065338 14
1605143831934 0.2373703493830863 15
1605143831951 0.23593822891792554 16
1605143831969 0.26043708337826676 17
1605143831986 0.2864399358127894 18
1605143832003 0.3108789251091775 19
1605143832020 0.3234291130237365 20
1605143832036 0.31971902391883766 21
1605143832052 0.35412863533148603 22
1605143832071 0.3681535988711239 23
1605143832087 0.3720020511177149 24
1605143832103 0.37686635403150925 25
1605143832122 0.39508601119009296 26
1605143832138 0.41906606246916095 27
1605143832152 0.41511764017383707 28
1605143832167 0.4290128156040492 29
1605143832182 0.42530589023332915 30
1605143832196 0.4516058751706327 31
1605143832211 0.4469712744937854 32
1605143832225 0.46366661586118546 33
1605143832241 0.4520208909270469 34
1605143832258 0.4701664715670468 35
1605143832275 0.4709792398334889 36
1605143832293 0.47614732753025013 37
1605143832310 0.5044860866632355 38
1605143832328 0.4953727615013551 39
1605143832346 0.5059296254361614 40
1605143832365 0.5123457674230083 41
1605143832382 0.5376221303189739 42
1605143832399 0.49817235416240907 43
1605143832416 0.516252948996726 44
1605143832433 0.5414471984579322 45
1605143832451 0.5228725176179008 46
1605143832469 0.5693794957707438 47
1605143832486 0.557810182651777 48
1605143832504 0.592251150795583 49
1605143832522 0.5752846444590708 50
