1605143830931 0.2799309646145681 1
1605143830947 0.33172820257336905 2
1605143830962 0.34082397182336016 3
1605143830976 0.4764044981324271 4
1605143830993 0.6359550350167779 5
1605143831009 0.6454788593763716 6
1605143831026 0.6554307013415219 7
1605143831043 0.5767790199665541 8
1605143831060 0.8314606527264199 9
1605143831079 0.7804172963238833 10
1605143831095 0.7056179689557365 11
1605143831110 0.7790261975834879 12
1605143831126 0.7962546817372355 13
1605143831141 0.8380952310026362 14
1605143831155 0.8251471318555682 15
1605143831170 0.8202247124039725 16
1605143831184 0.7135009832596511 17
1605143831197 0.8185125763496656 18
1605143831212 0.8525057856956225 19
1605143831226 0.7707767915189936 20
1605143831240 0.8116639906101013 21
1605143831253 0.8354556801613797 22
1605143831267 0.8282504014754564 23
1605143831282 0.8142130053445195 24
1605143831300 0.8081683630353949 25
1605143831314 0.8187201157044829 26
1605143831329 0.8256902962588193 27
1605143831344 0.8229845132720605 28
1605143831358 0.8175431998927941 29
1605143831375 0.8298106394457013 30
1605143831394 0.8291288065106681 31
1605143831413 0.8334906114621109 32
1605143831434 0.8295604512932595 33
1605143831454 0.7938686756605513 34
1605143831473 0.8248370939426208 35
1605143831492 0.8275858954097448 36
1605143831510 0.8149988396783893 37
1605143831527 0.8303237336405208 38
1605143831544 0.8262943149952406 39
1605143831560 0.8522528637661023 40
1605143831577 0.8481243594308917 41
1605143831594 0.8338467297929056 42
1605143831611 0.8048987281456422 43
1605143831628 0.8313604526305467 44
1605143831642 0.835311856162682 45
1605143831656 0.800889753223805 46
1605143831670 0.836785455768028 47
1605143831684 0.824844821115558 48
1605143831698 0.8179321436399825 49
1605143831713 0.8154318305883514 50
