1605143830142 0.15476555804188333 1
1605143830155 0.06988912921273306 2
1605143830169 0.057658880279305276 3
1605143830183 0.055403752273388125 4
1605143830196 0.06169236610444744 5
1605143830210 0.08896711837039904 6
1605143830223 0.0667242474770278 7
1605143830237 0.057853420128983056 8
1605143830250 0.07642098457625743 9
1605143830264 0.08416912930735042 10
1605143830277 0.10580450396859244 11
1605143830291 0.09138344144553281 12
1605143830304 0.1378030897526259 13
1605143830319 0.12147015902433503 14
1605143830333 0.1422588068447756 15
1605143830349 0.1419386990954367 16
1605143830369 0.1657607505160771 17
1605143830398 0.17671518044525317 18
1605143830423 0.19763959023389924 19
1605143830445 0.21110218629408417 20
1605143830464 0.20280042759488137 21
1605143830488 0.22790614942486367 22
1605143830507 0.24209209606888588 23
1605143830526 0.2475041231412566 24
1605143830545 0.24956381856725457 25
1605143830563 0.2639785482642356 26
1605143830580 0.28446547368939 27
1605143830596 0.28286343210198905 28
1605143830611 0.29924283503146654 29
1605143830626 0.2976354675346546 30
1605143830641 0.31441151292136543 31
1605143830655 0.307921665103248 32
1605143830669 0.327924041265852 33
1605143830685 0.3244367844603035 34
1605143830699 0.340461153327749 35
1605143830713 0.33819284934676097 36
1605143830727 0.34634359331613174 37
1605143830741 0.36724546116389584 38
1605143830754 0.359189565262098 39
1605143830768 0.36504087019502446 40
1605143830782 0.3751327007004384 41
1605143830795 0.40443158417605285 42
1605143830809 0.3679339483882604 43
1605143830822 0.3846467291371206 44
1605143830836 0.40536241852835325 45
1605143830850 0.3912437440973989 46
1605143830865 0.43667259912812306 47
1605143830882 0.4288223834519976 48
1605143830898 0.4704779704635063 49
1605143830914 0.45329024818506136 50
