1579418996824 0.48174158 1
1579418996841 0.54073036 2
1579418996855 0.6896067 3
1579418996869 0.7485955 4
1579418996883 0.64606744 5
1579418996898 0.7977528 6
1579418996929 0.7991573 7
1579418996958 0.5969101 8
1579418996991 0.7851124 9
1579418997025 0.8047753 10
1579418997053 0.8244382 11
1579418997083 0.7794944 12
1579418997102 0.7570225 13
1579418997120 0.82865167 14
1579418997140 0.82865167 15
1579418997157 0.81320226 16
1579418997174 0.8230337 17
1579418997190 0.83146065 18
1579418997205 0.8174157 19
1579418997219 0.7626405 20
1579418997233 0.8258427 21
1579418997246 0.81882024 22
1579418997260 0.8202247 23
1579418997275 0.7780899 24
1579418997289 0.83146065 25
1579418997303 0.7851124 26
1579418997317 0.8005618 27
1579418997331 0.83426964 28
1579418997345 0.8244382 29
