1579418998348 0.3827026 1
1579418998365 0.29229444 2
1579418998382 0.46451437 3
1579418998396 0.5607541 4
1579418998411 0.52339274 5
1579418998429 0.7075298 6
1579418998446 0.72995967 7
1579418998465 0.5125348 8
1579418998496 0.6415767 9
1579418998525 0.7172539 10
1579418998566 0.7580412 11
1579418998606 0.68946654 12
1579418998644 0.67123526 13
1579418998674 0.7608976 14
1579418998704 0.7663791 15
1579418998729 0.7293546 16
1579418998746 0.76078254 17
1579418998764 0.768198 18
1579418998782 0.7261965 19
1579418998799 0.64666 20
1579418998815 0.75914484 21
1579418998829 0.7385141 22
1579418998843 0.75203174 23
1579418998858 0.681585 24
1579418998873 0.7639114 25
1579418998888 0.72639006 26
1579418998903 0.6950347 27
1579418998917 0.76661557 28
1579418998936 0.7513203 29
