1579418997815 0.59393865 1
1579418997844 0.6013086 2
1579418997873 0.73057884 3
1579418997901 0.837779 4
1579418997930 0.7137701 5
1579418997956 0.78750736 6
1579418997975 0.7515053 7
1579418997992 0.74119925 8
1579418998009 0.8645846 9
1579418998025 0.79518586 10
1579418998039 0.8035436 11
1579418998053 0.77478766 12
1579418998068 0.74734163 13
1579418998083 0.8208851 14
1579418998097 0.8034664 15
1579418998111 0.8198748 16
1579418998126 0.8159812 17
1579418998144 0.8117585 18
1579418998161 0.8472986 19
1579418998179 0.7983498 20
1579418998197 0.80965525 21
1579418998214 0.82713157 22
1579418998230 0.80188745 23
1579418998245 0.7944407 24
1579418998259 0.8170066 25
1579418998274 0.74151605 26
1579418998289 0.835097 27
1579418998314 0.82395077 28
1579418998331 0.8176431 29
