1579418997359 0.62859946 1
1579418997373 0.39356753 2
1579418997387 0.3856181 3
1579418997401 0.43933496 4
1579418997419 0.5565785 5
1579418997438 0.6435105 6
1579418997455 0.7141059 7
1579418997472 0.5709488 8
1579418997489 0.5246008 9
1579418997502 0.65570956 10
1579418997516 0.7190106 11
1579418997530 0.63926107 12
1579418997545 0.67950946 13
1579418997560 0.7105482 14
1579418997576 0.7342556 15
1579418997590 0.6672659 16
1579418997604 0.7214374 17
1579418997618 0.7305023 18
1579418997634 0.6519832 19
1579418997652 0.6080336 20
1579418997669 0.71502304 21
1579418997683 0.67789334 22
1579418997697 0.7133153 23
1579418997711 0.6173033 24
1579418997725 0.71841884 25
1579418997739 0.73793095 26
1579418997753 0.6190246 27
1579418997769 0.719393 28
1579418997788 0.701258 29
