1579398123316 0.33141285 1
1579398123329 0.29844287 2
1579398123341 0.30929548 3
1579398123353 0.16611415 4
1579398123365 0.44166407 5
1579398123378 0.4593914 6
1579398123393 0.43009406 7
1579398123409 0.36844403 8
1579398123424 0.37596935 9
1579398123437 0.40402383 10
1579398123449 0.3183707 11
1579398123462 0.32689333 12
1579398123474 0.32674772 13
1579398123487 0.32585138 14
1579398123500 0.3877696 15
1579398123513 0.6341857 16
1579398123526 0.26906583 17
1579398123539 0.30664796 18
1579398123552 0.4873594 19
1579398123565 0.5177518 20
1579398123578 0.2972238 21
