1579398123053 0.3607617 1
1579398123067 0.23958333 2
1579398123080 0.4025567 3
1579398123092 0.42288962 4
1579398123105 0.50481963 5
1579398123117 0.51509994 6
1579398123129 0.391845 7
1579398123142 0.4437326 8
1579398123154 0.4224197 9
1579398123167 0.6587452 10
1579398123179 0.248057 11
1579398123192 0.24479167 12
1579398123204 0.24321267 13
1579398123217 0.24505238 14
1579398123229 0.46408328 15
1579398123241 0.4691742 16
1579398123253 0.49916667 17
1579398123265 0.5089286 18
1579398123279 0.49912363 19
1579398123292 0.57514125 20
1579398123304 0.5114943 21
