1579398122772 0.50812066 1
1579398122785 0.3956422 2
1579398122797 0.3948766 3
1579398122810 0.10346134 4
1579398122823 0.39255887 5
1579398122837 0.47784632 6
1579398122850 0.51931816 7
1579398122862 0.44783518 8
1579398122875 0.48738456 9
1579398122887 0.49417585 10
1579398122901 0.44431555 11
1579398122917 0.49186048 12
1579398122933 0.4976852 13
1579398122948 0.4861432 14
1579398122962 0.5107627 15
1579398122975 0.97843176 16
1579398122990 0.18682298 17
1579398123003 0.22018349 18
1579398123016 0.6014151 19
1579398123029 0.6346154 20
1579398123041 0.20949075 21
