1579418945592 0.5294944 1
1579418945614 0.6516854 2
1579418945644 0.75 3
1579418945681 0.70646065 4
1579418945740 0.78370786 5
1579418945768 0.8103933 6
1579418945795 0.7823034 7
1579418945820 0.7823034 8
1579418945841 0.8146067 9
1579418945860 0.78370786 10
1579418945881 0.8230337 11
1579418945900 0.8202247 12
1579418945917 0.8033708 13
1579418945936 0.81882024 14
1579418945954 0.81601125 15
1579418945972 0.8230337 16
1579418945990 0.83146065 17
1579418946008 0.8033708 18
1579418946025 0.83567417 19
1579418946043 0.8075843 20
1579418946062 0.8244382 21
1579418946079 0.8244382 22
1579418946098 0.8230337 23
1579418946115 0.8005618 24
1579418946133 0.8244382 25
1579418946150 0.8272472 26
1579418946168 0.8230337 27
1579418946186 0.81601125 28
1579418946203 0.8230337 29
1579418946222 0.8216292 30
1579418946240 0.8258427 31
1579418946263 0.8047753 32
1579418946285 0.8272472 33
1579418946306 0.8300562 34
1579418946324 0.8300562 35
1579418946342 0.8202247 36
1579418946359 0.83146065 37
1579418946375 0.81601125 38
1579418946394 0.81179774 39
1579418946412 0.8426966 40
1579418946430 0.8300562 41
1579418946447 0.8146067 42
1579418946463 0.8300562 43
1579418946477 0.83707863 44
1579418946492 0.8272472 45
1579418946507 0.8174157 46
1579418946525 0.82865167 47
1579418946540 0.8300562 48
