1579418948145 0.30899414 1
1579418948164 0.38576245 2
1579418948184 0.5993686 3
1579418948202 0.5236362 4
1579418948220 0.64716333 5
1579418948237 0.71685624 6
1579418948253 0.6773135 7
1579418948268 0.687639 8
1579418948283 0.7539711 9
1579418948298 0.680209 10
1579418948312 0.7262699 11
1579418948327 0.7511294 12
1579418948342 0.69718724 13
1579418948357 0.75685984 14
1579418948372 0.73871875 15
1579418948388 0.76121897 16
1579418948402 0.7529053 17
1579418948418 0.71644115 18
1579418948433 0.7727146 19
1579418948453 0.73086697 20
1579418948473 0.7659194 21
1579418948493 0.7404104 22
1579418948512 0.7161557 23
1579418948533 0.7324473 24
1579418948555 0.72315985 25
1579418948574 0.73064274 26
1579418948594 0.7471671 27
1579418948613 0.735801 28
1579418948633 0.7504144 29
1579418948654 0.74289566 30
1579418948674 0.7460106 31
1579418948693 0.72676754 32
1579418948714 0.7726388 33
1579418948733 0.74780536 34
1579418948753 0.7569501 35
1579418948772 0.74508864 36
1579418948789 0.7412166 37
1579418948808 0.74461627 38
1579418948826 0.7409122 39
1579418948843 0.7720992 40
1579418948864 0.769578 41
1579418948882 0.7276165 42
1579418948900 0.73823017 43
1579418948916 0.7649457 44
1579418948932 0.6950237 45
1579418948947 0.74060374 46
1579418948964 0.75678754 47
1579418948982 0.7491341 48
