1579418947347 0.4597639 1
1579418947364 0.62087184 2
1579418947380 0.7391992 3
1579418947397 0.7229626 4
1579418947415 0.7936528 5
1579418947432 0.74785537 6
1579418947448 0.8312018 7
1579418947462 0.83441705 8
1579418947476 0.79300684 9
1579418947490 0.82972544 10
1579418947504 0.78725386 11
1579418947519 0.8219965 12
1579418947533 0.8241105 13
1579418947550 0.8534329 14
1579418947568 0.7627146 15
1579418947585 0.8167487 16
1579418947603 0.81074923 17
1579418947620 0.87047654 18
1579418947635 0.8153823 19
1579418947650 0.84598464 20
1579418947664 0.8379337 21
1579418947678 0.7764128 22
1579418947693 0.8321784 23
1579418947709 0.79643947 24
1579418947723 0.7907656 25
1579418947737 0.7894272 26
1579418947751 0.83904696 27
1579418947766 0.8173728 28
1579418947781 0.8486679 29
1579418947799 0.8480826 30
1579418947817 0.78740877 31
1579418947835 0.7934289 32
1579418947855 0.8673046 33
1579418947874 0.8261514 34
1579418947892 0.8422255 35
1579418947910 0.8082602 36
1579418947929 0.79389906 37
1579418947947 0.84751964 38
1579418947964 0.81599516 39
1579418947982 0.8514363 40
1579418947999 0.8297247 41
1579418948016 0.8489073 42
1579418948034 0.8138141 43
1579418948053 0.9012029 44
1579418948071 0.8293105 45
1579418948088 0.8689464 46
1579418948109 0.8185325 47
1579418948128 0.8716755 48
