1579418946559 0.52435464 1
1579418946576 0.33576345 2
1579418946595 0.54721457 3
1579418946613 0.50833863 4
1579418946631 0.5785121 5
1579418946649 0.69348955 6
1579418946667 0.5910437 7
1579418946686 0.6210778 8
1579418946705 0.7214031 9
1579418946727 0.62214905 10
1579418946744 0.6772699 11
1579418946761 0.6944787 12
1579418946775 0.648546 13
1579418946794 0.68833154 14
1579418946812 0.729856 15
1579418946831 0.721706 16
1579418946849 0.70585793 17
1579418946866 0.65408653 18
1579418946882 0.73521537 19
1579418946897 0.6654119 20
1579418946913 0.7092096 21
1579418946930 0.7151198 22
1579418946944 0.64449954 23
1579418946959 0.6928846 24
1579418946974 0.6772249 25
1579418946989 0.6835055 26
1579418947003 0.675986 27
1579418947018 0.68235594 28
1579418947033 0.68386096 29
1579418947048 0.6877591 30
1579418947062 0.72335666 31
1579418947077 0.70484513 32
1579418947093 0.7104637 33
1579418947107 0.68514055 34
1579418947123 0.6898651 35
1579418947140 0.6959917 36
1579418947155 0.70007044 37
1579418947169 0.67095685 38
1579418947184 0.6966782 39
1579418947198 0.7119511 40
1579418947212 0.7232237 41
1579418947227 0.65915734 42
1579418947241 0.67697734 43
1579418947258 0.67533046 44
1579418947276 0.6210025 45
1579418947295 0.6493227 46
1579418947313 0.70589995 47
1579418947330 0.66956526 48
