1579415173317 0.46207866 1
1579415173339 0.61657304 2
1579415173358 0.38061798 3
1579415173377 0.61657304 4
1579415173396 0.4747191 5
1579415173414 0.6151685 6
1579415173433 0.46207866 7
1579415173452 0.619382 8
1579415173468 0.51404494 9
1579415173483 0.6601124 10
1579415173499 0.6418539 11
1579415173512 0.58146065 12
1579415173525 0.4536517 13
1579415173538 0.64606744 14
1579415173550 0.6488764 15
1579415173564 0.36797753 16
1579415173580 0.61657304 17
1579415173596 0.6446629 18
1579415173611 0.61095506 19
1579415173624 0.619382 20
1579415173637 0.6446629 21
1579415173649 0.6151685 22
1579415173662 0.61376405 23
1579415173676 0.6151685 24
1579415173689 0.61376405 25
1579415173701 0.60674155 26
1579415173715 0.6952247 27
1579415173729 0.619382 28
1579415173744 0.41292134 29
1579415173759 0.619382 30
1579415173773 0.505618 31
1579415173786 0.6053371 32
1579415173800 0.625 33
1579415173818 0.6151685 34
1579415173833 0.6264045 35
1579415173849 0.5969101 36
1579415173867 0.630618 37
1579415173884 0.6011236 38
1579415173897 0.6264045 39
1579415173911 0.42837077 40
1579415173924 0.61657304 41
1579415173938 0.41432583 42
1579415173953 0.60955054 43
1579415173966 0.63904494 44
1579415173980 0.6123595 45
