1579415175283 0.481732 1
1579415175296 0.0 2
1579415175310 0.5513733 3
1579415175327 0.0 4
1579415175343 0.43161088 5
1579415175356 0.09271522 6
1579415175370 0.4441219 7
1579415175386 0.24089633 8
1579415175399 0.30241933 9
1579415175413 0.2710843 10
1579415175426 0.5338208 11
1579415175440 0.5358255 12
1579415175454 0.5057178 13
1579415175467 0.23636362 14
1579415175481 0.6141975 15
1579415175494 0.522293 16
1579415175507 0.1277955 17
1579415175520 0.5912762 18
1579415175533 0.617931 19
1579415175546 0.5924812 20
1579415175561 0.5899513 21
1579415175577 0.13291137 22
1579415175590 0.13793102 23
1579415175603 0.13836476 24
1579415175617 0.1269841 25
1579415175630 0.07894735 26
1579415175643 0.5928705 27
1579415175656 0.10561054 28
1579415175669 0.547619 29
1579415175682 0.16099069 30
1579415175695 0.5769231 31
1579415175709 0.07868851 32
1579415175723 0.10101009 33
1579415175738 0.11612902 34
1579415175751 0.089041084 35
1579415175765 0.0946372 36
1579415175779 0.12040132 37
1579415175792 0.106918216 38
1579415175805 0.113333315 39
1579415175822 0.28470996 40
1579415175838 0.06185566 41
1579415175855 0.5511302 42
1579415175870 0.0608108 43
1579415175883 0.14617938 44
1579415175897 0.12658226 45
