1579415174665 0.38197425 1
1579415174678 0.0 2
1579415174692 0.38169014 3
1579415174706 0.0 4
1579415174720 0.36883116 5
1579415174733 0.4827586 6
1579415174746 0.36778846 7
1579415174759 0.5119048 8
1579415174772 0.33632287 9
1579415174785 0.7627119 10
1579415174798 0.5328467 11
1579415174814 0.46612465 12
1579415174830 0.38715953 13
1579415174847 0.68421054 14
1579415174862 0.53066665 15
1579415174876 0.367713 16
1579415174889 0.5 17
1579415174902 0.52890176 18
1579415174915 0.49557522 19
1579415174928 0.502551 20
1579415174942 0.5290698 21
1579415174955 0.4883721 22
1579415174969 0.47826087 23
1579415174982 0.4888889 24
1579415174995 0.47619048 25
1579415175008 0.38709676 26
1579415175021 0.6076923 27
1579415175034 0.53333336 28
1579415175048 0.38863286 29
1579415175064 0.52 30
1579415175077 0.4293381 31
1579415175090 0.375 32
1579415175103 0.625 33
1579415175117 0.4864865 34
1579415175130 0.68421054 35
1579415175143 0.3409091 36
1579415175157 0.6923077 37
1579415175170 0.37777779 38
1579415175184 0.6296296 39
1579415175197 0.27364865 40
1579415175214 0.5 41
1579415175230 0.3902439 42
1579415175244 0.39130434 43
1579415175257 0.78571427 44
1579415175270 0.4651163 45
