1579415173993 0.6520147 1
1579415174007 0.0 2
1579415174021 0.992674 3
1579415174034 0.0 4
1579415174049 0.52014655 5
1579415174062 0.051282052 6
1579415174075 0.5604396 7
1579415174089 0.15750916 8
1579415174102 0.2747253 9
1579415174115 0.16483517 10
1579415174128 0.53479856 11
1579415174141 0.63003665 12
1579415174156 0.72893775 13
1579415174171 0.14285715 14
1579415174186 0.72893775 15
1579415174199 0.9010989 16
1579415174213 0.07326008 17
1579415174226 0.6703297 18
1579415174239 0.82051283 19
1579415174252 0.72161174 20
1579415174265 0.6666667 21
1579415174278 0.07692308 22
1579415174292 0.08058608 23
1579415174306 0.08058608 24
1579415174323 0.07326008 25
1579415174340 0.043956045 26
1579415174357 0.5787546 27
1579415174374 0.05860806 28
1579415174389 0.92673993 29
1579415174402 0.0952381 30
1579415174418 0.8791209 31
1579415174437 0.043956045 32
1579415174458 0.054945055 33
1579415174477 0.06593407 34
1579415174498 0.04761905 35
1579415174522 0.054945055 36
1579415174541 0.06593407 37
1579415174557 0.062271062 38
1579415174572 0.062271062 39
1579415174587 0.2967033 40
1579415174600 0.032967035 41
1579415174613 0.93772894 42
1579415174626 0.032967035 43
1579415174640 0.08058608 44
1579415174653 0.07326008 45
