1579419835418 0.54073036 1
1579419835440 0.4522472 2
1579419835464 0.5674157 3
1579419835483 0.67134833 4
1579419835505 0.67134833 5
1579419835522 0.7219101 6
1579419835539 0.73595506 7
1579419835560 0.7247191 8
1579419835582 0.75842696 9
1579419835608 0.7668539 10
1579419835630 0.7050562 11
1579419835653 0.7851124 12
1579419835677 0.7949438 13
1579419835701 0.8103933 14
1579419835726 0.7373595 15
1579419835753 0.76825845 16
1579419835779 0.81320226 17
1579419835806 0.7752809 18
1579419835825 0.7724719 19
1579419835843 0.7780899 20
1579419835869 0.78089887 21
1579419835896 0.8103933 22
1579419835925 0.8244382 23
1579419835944 0.80617976 24
1579419835968 0.75 25
1579419835995 0.7921348 26
1579419836017 0.8244382 27
