1579419837193 0.27014217 1
1579419837214 0.2577519 2
1579419837232 0.5862826 3
1579419837249 0.47371787 4
1579419837266 0.5211989 5
1579419837283 0.5962614 6
1579419837299 0.6149072 7
1579419837314 0.5585202 8
1579419837333 0.65102315 9
1579419837352 0.63422656 10
1579419837372 0.4540428 11
1579419837395 0.69173527 12
1579419837421 0.71227205 13
1579419837443 0.7323549 14
1579419837465 0.51117027 15
1579419837491 0.7058245 16
1579419837528 0.7375799 17
1579419837559 0.6563444 18
1579419837574 0.6540042 19
1579419837595 0.6668526 20
1579419837616 0.65434504 21
1579419837638 0.72314227 22
1579419837668 0.75278944 23
1579419837697 0.70142233 24
1579419837724 0.57662034 25
1579419837746 0.6807836 26
1579419837766 0.75223184 27
