1579419836606 0.20212767 1
1579419836623 0.17362924 2
1579419836643 0.47349972 3
1579419836662 0.6034914 4
1579419836682 0.63586956 5
1579419836699 0.6768701 6
1579419836717 0.7080691 7
1579419836734 0.7284663 8
1579419836751 0.7334167 9
1579419836769 0.777457 10
1579419836794 0.7476898 11
1579419836834 0.77092296 12
1579419836858 0.7785714 13
1579419836889 0.8053334 14
1579419836913 0.8388051 15
1579419836948 0.70758164 16
1579419836974 0.7988749 17
1579419836995 0.7890203 18
1579419837014 0.8067669 19
1579419837032 0.7992507 20
1579419837051 0.8477564 21
1579419837073 0.83200705 22
1579419837093 0.8174381 23
1579419837112 0.8375 24
1579419837133 0.7907735 25
1579419837152 0.84495616 26
1579419837172 0.81989247 27
