1579419836035 0.40714285 1
1579419836052 0.5 2
1579419836074 0.7878969 3
1579419836092 0.3926016 4
1579419836110 0.4860947 5
1579419836128 0.53414637 6
1579419836144 0.5617297 7
1579419836170 0.484331 8
1579419836196 0.5959443 9
1579419836227 0.552305 10
1579419836252 0.46919936 11
1579419836268 0.6284921 12
1579419836284 0.6566272 13
1579419836306 0.6740285 14
1579419836324 0.46553946 15
1579419836346 0.71730876 16
1579419836366 0.68650794 17
1579419836389 0.5888345 18
1579419836416 0.58673465 19
1579419836440 0.6003401 20
1579419836461 0.5654595 21
1579419836479 0.64707494 22
1579419836498 0.6985539 23
1579419836520 0.61686486 24
1579419836541 0.53414637 25
1579419836562 0.6088517 26
1579419836585 0.6954887 27
