1579418904880 0.6025281 1
1579418904897 0.64044946 2
1579418904913 0.6952247 3
1579418904927 0.747191 4
1579418904941 0.8075843 5
1579418904964 0.7219101 6
1579418904996 0.7921348 7
1579418905027 0.8272472 8
1579418905060 0.8258427 9
1579418905085 0.8047753 10
1579418905103 0.7626405 11
1579418905122 0.8300562 12
1579418905139 0.8047753 13
1579418905155 0.8047753 14
1579418905169 0.8146067 15
1579418905184 0.8202247 16
1579418905198 0.8398876 17
1579418905212 0.78792137 18
1579418905226 0.8272472 19
1579418905240 0.81179774 20
1579418905254 0.8174157 21
1579418905271 0.8075843 22
1579418905286 0.8426966 23
1579418905300 0.8300562 24
1579418905318 0.79353935 25
1579418905339 0.82865167 26
1579418905359 0.8258427 27
1579418905379 0.8230337 28
1579418905399 0.8244382 29
1579418905416 0.83146065 30
1579418905437 0.84129214 31
1579418905457 0.8244382 32
1579418905476 0.8398876 33
1579418905494 0.83848315 34
1579418905513 0.83426964 35
1579418905533 0.79353935 36
1579418905553 0.8511236 37
1579418905571 0.8497191 38
1579418905593 0.8398876 39
1579418905613 0.81882024 40
1579418905630 0.8328652 41
1579418905644 0.8525281 42
1579418905658 0.80898875 43
1579418905671 0.8483146 44
