1579418906986 0.316539 1
1579418907001 0.53977334 2
1579418907015 0.49197304 3
1579418907029 0.59696037 4
1579418907044 0.7312213 5
1579418907058 0.5866402 6
1579418907073 0.69687206 7
1579418907087 0.7624892 8
1579418907102 0.7305298 9
1579418907116 0.7083132 10
1579418907130 0.6531571 11
1579418907144 0.76642454 12
1579418907168 0.7284151 13
1579418907195 0.7117126 14
1579418907218 0.7327378 15
1579418907240 0.7428851 16
1579418907258 0.772975 17
1579418907274 0.66934144 18
1579418907289 0.7630309 19
1579418907305 0.7375686 20
1579418907321 0.73178756 21
1579418907335 0.7142947 22
1579418907351 0.7762055 23
1579418907367 0.7555676 24
1579418907382 0.6765347 25
1579418907397 0.7566662 26
1579418907412 0.74574685 27
1579418907426 0.7570707 28
1579418907440 0.7456287 29
1579418907455 0.7524397 30
1579418907469 0.78378314 31
1579418907483 0.74537104 32
1579418907498 0.7688117 33
1579418907513 0.77309215 34
1579418907528 0.7691736 35
1579418907545 0.691898 36
1579418907566 0.78714365 37
1579418907581 0.7821573 38
1579418907598 0.76809675 39
1579418907614 0.7352249 40
1579418907634 0.7568096 41
1579418907650 0.7865983 42
1579418907667 0.7051479 43
1579418907682 0.7842773 44
