1579418906361 0.6756395 1
1579418906375 0.6954803 2
1579418906389 0.7658397 3
1579418906403 0.776697 4
1579418906417 0.78517616 5
1579418906431 0.7813061 6
1579418906445 0.79732585 7
1579418906459 0.8113966 8
1579418906473 0.8527724 9
1579418906488 0.8298676 10
1579418906503 0.78576505 11
1579418906518 0.8188406 12
1579418906532 0.78465295 13
1579418906546 0.810349 14
1579418906560 0.8109155 15
1579418906574 0.8384805 16
1579418906588 0.82095927 17
1579418906602 0.8148548 18
1579418906616 0.814913 19
1579418906630 0.8024732 20
1579418906644 0.8178092 21
1579418906658 0.8317752 22
1579418906672 0.8508183 23
1579418906686 0.8032217 24
1579418906700 0.86844814 25
1579418906714 0.829337 26
1579418906728 0.85321754 27
1579418906742 0.8252677 28
1579418906756 0.81837124 29
1579418906772 0.8528925 30
1579418906787 0.82889295 31
1579418906801 0.83696055 32
1579418906815 0.858026 33
1579418906829 0.84601814 34
1579418906843 0.8156864 35
1579418906858 0.8299974 36
1579418906873 0.8631163 37
1579418906887 0.8733384 38
1579418906901 0.84402156 39
1579418906916 0.8477989 40
1579418906930 0.85968995 41
1579418906944 0.8547412 42
1579418906958 0.8698781 43
1579418906972 0.8723797 44
