1579418905685 0.35396242 1
1579418905698 0.54560804 2
1579418905712 0.47436494 3
1579418905726 0.5318589 4
1579418905740 0.6868581 5
1579418905754 0.5667577 6
1579418905770 0.64062345 7
1579418905785 0.7209908 8
1579418905798 0.660994 9
1579418905812 0.649027 10
1579418905826 0.614383 11
1579418905839 0.72049737 12
1579418905854 0.70313764 13
1579418905868 0.63740754 14
1579418905882 0.6718931 15
1579418905903 0.672871 16
1579418905919 0.7308565 17
1579418905932 0.6139034 18
1579418905946 0.7197963 19
1579418905960 0.69759244 20
1579418905974 0.6783422 21
1579418905988 0.6379404 22
1579418906002 0.71822655 23
1579418906016 0.7176614 24
1579418906030 0.60732996 25
1579418906044 0.7055119 26
1579418906058 0.67172235 27
1579418906074 0.70794374 28
1579418906096 0.69711316 29
1579418906117 0.6756712 30
1579418906135 0.7451749 31
1579418906157 0.68391174 32
1579418906178 0.70326275 33
1579418906199 0.7120203 34
1579418906217 0.7342632 35
1579418906231 0.6275517 36
1579418906246 0.7242457 37
1579418906259 0.7099675 38
1579418906276 0.7063602 39
1579418906290 0.6730419 40
1579418906304 0.6768338 41
1579418906319 0.7310472 42
1579418906332 0.61803246 43
1579418906346 0.7137807 44
