1579418940337 0.65870786 1
1579418940352 0.5168539 2
1579418940368 0.5421348 3
1579418940386 0.6573034 4
1579418940411 0.6544944 5
1579418940432 0.68117976 6
1579418940454 0.744382 7
1579418940477 0.7542135 8
1579418940497 0.7780899 9
1579418940520 0.71910113 10
1579418940538 0.6896067 11
1579418940556 0.77106744 12
1579418940573 0.8005618 13
1579418940590 0.8230337 14
1579418940607 0.7977528 15
1579418940622 0.6418539 16
1579418940637 0.7148876 17
1579418940652 0.8258427 18
1579418940666 0.79634833 19
1579418940683 0.75842696 20
1579418940701 0.8019663 21
1579418940718 0.79073036 22
1579418940732 0.80617976 23
1579418940746 0.78792137 24
