1579418941548 0.31622308 1
1579418941573 0.257085 2
1579418941596 0.29123864 3
1579418941617 0.2712477 4
1579418941636 0.45922697 5
1579418941655 0.5032215 6
1579418941676 0.60026526 7
1579418941698 0.62341726 8
1579418941719 0.6540015 9
1579418941735 0.5618967 10
1579418941755 0.58888096 11
1579418941780 0.6807511 12
1579418941803 0.7357416 13
1579418941824 0.7564626 14
1579418941845 0.6825018 15
1579418941864 0.47461683 16
1579418941892 0.68672836 17
1579418941913 0.75838196 18
1579418941932 0.70973265 19
1579418941958 0.6483066 20
1579418941976 0.713786 21
1579418941993 0.69049764 22
1579418942010 0.7006675 23
1579418942030 0.6971975 24
