1579418941151 0.70843995 1
1579418941166 0.19538462 2
1579418941180 0.4984733 3
1579418941195 0.70726496 4
1579418941209 0.63427126 5
1579418941227 0.65156794 6
1579418941245 0.73836803 7
1579418941265 0.7735646 8
1579418941282 0.8278972 9
1579418941298 0.73427093 10
1579418941314 0.7049996 11
1579418941328 0.75947714 12
1579418941342 0.7712843 13
1579418941356 0.79941237 14
1579418941371 0.8353834 15
1579418941385 0.74647886 16
1579418941400 0.68325406 17
1579418941417 0.8224002 18
1579418941432 0.7877548 19
1579418941447 0.7606211 20
1579418941464 0.7970253 21
1579418941480 0.799677 22
1579418941500 0.8352906 23
1579418941522 0.7898619 24
