1579418940760 0.23261346 1
1579418940774 0.37573963 2
1579418940788 0.44313726 3
1579418940803 0.18337823 4
1579418940818 0.4145288 5
1579418940832 0.4732594 6
1579418940846 0.51730454 7
1579418940861 0.5224359 8
1579418940876 0.54648906 9
1579418940892 0.5411344 10
1579418940914 0.6021096 11
1579418940931 0.6339161 12
1579418940948 0.704623 13
1579418940966 0.7179957 14
1579418940983 0.59896624 15
1579418941000 0.5537401 16
1579418941018 0.75478995 17
1579418941036 0.7042151 18
1579418941056 0.6514493 19
1579418941073 0.621118 20
1579418941090 0.65524477 21
1579418941104 0.63255036 22
1579418941120 0.63655555 23
1579418941136 0.6672662 24
