1605143964217 0.6446629213483146 1
1605143964233 0.6418539325842697 2
1605143964250 0.6446629213483146 3
1605143964266 0.6573033707865169 4
1605143964282 0.648876404494382 5
1605143964298 0.6587078651685393 6
1605143964314 0.6573033707865169 7
1605143964330 0.6573033707865169 8
1605143964346 0.651685393258427 9
1605143964361 0.6671348314606742 10
1605143964375 0.6629213483146067 11
1605143964390 0.6615168539325843 12
1605143964404 0.6741573033707865 13
1605143964417 0.6769662921348315 14
1605143964431 0.6867977528089888 15
1605143964444 0.6882022471910112 16
1605143964457 0.6966292134831461 17
1605143964470 0.6910112359550562 18
1605143964483 0.6924157303370787 19
1605143964497 0.6896067415730337 20
1605143964510 0.699438202247191 21
1605143964523 0.7078651685393258 22
1605143964537 0.6966292134831461 23
1605143964550 0.7008426966292135 24
1605143964563 0.6980337078651685 25
1605143964576 0.7092696629213483 26
1605143964590 0.7148876404494382 27
1605143964603 0.7120786516853933 28
1605143964617 0.7148876404494382 29
1605143964631 0.7148876404494382 30
1605143964645 0.7275280898876404 31
1605143964658 0.7176966292134831 32
1605143964671 0.723314606741573 33
1605143964685 0.7303370786516854 34
1605143964698 0.7162921348314607 35
1605143964711 0.7345505617977528 36
1605143964724 0.7373595505617978 37
1605143964738 0.7303370786516854 38
1605143964751 0.7345505617977528 39
1605143964764 0.7415730337078652 40
1605143964778 0.7275280898876404 41
1605143964793 0.7429775280898876 42
1605143964806 0.7471910112359551 43
1605143964820 0.7556179775280899 44
1605143964834 0.7471910112359551 45
1605143964847 0.7443820224719101 46
1605143964861 0.7485955056179775 47
1605143964874 0.7514044943820225 48
1605143964888 0.7654494382022472 49
1605143964901 0.7528089887640449 50
