1605143966313 0.3959266429536798 1
1605143966328 0.32240342089299406 2
1605143966342 0.29326187626699385 3
1605143966356 0.27599198965544114 4
1605143966371 0.2623060523124223 5
1605143966384 0.25588820154747266 6
1605143966399 0.2537489841493328 7
1605143966413 0.25345308057377847 8
1605143966427 0.22278243638156506 9
1605143966441 0.29823862501744475 10
1605143966455 0.26736329914478774 11
1605143966469 0.27227067009786543 12
1605143966483 0.3206120086519906 13
1605143966497 0.2991503182421909 14
1605143966511 0.34335712837369253 15
1605143966526 0.3667706090412783 16
1605143966540 0.38638213377320363 17
1605143966554 0.38238628158408605 18
1605143966571 0.3996949021735888 19
1605143966585 0.39467650049188163 20
1605143966599 0.41943145869822984 21
1605143966613 0.4318501761790072 22
1605143966629 0.41607417216461695 23
1605143966643 0.4239526384332207 24
1605143966657 0.4183087938287285 25
1605143966671 0.43886161587211525 26
1605143966687 0.4614957845612858 27
1605143966702 0.46318900786089096 28
1605143966716 0.465786307045583 29
1605143966731 0.47547204039070046 30
1605143966745 0.5069973093740056 31
1605143966759 0.4959452882241667 32
1605143966773 0.5106792878568842 33
1605143966788 0.5137985864382112 34
1605143966802 0.48364536782329004 35
1605143966816 0.524669492847464 36
1605143966830 0.5263197663125028 37
1605143966845 0.5161374673414766 38
1605143966859 0.5339613583650482 39
1605143966873 0.5450115023034342 40
1605143966887 0.512811968165837 41
1605143966901 0.542800284503551 42
1605143966916 0.5612972191210543 43
1605143966931 0.5791725040821547 44
1605143966945 0.5621985545319118 45
1605143966960 0.5679198282488277 46
1605143966975 0.5721054492371805 47
1605143966989 0.5666506940059448 48
1605143967003 0.6063601300957497 49
1605143967017 0.5864782614654369 50
