1605143965610 0.5535288741079609 1
1605143965625 0.5536326437853696 2
1605143965639 0.6293205009417587 3
1605143965653 0.6263534219077463 4
1605143965667 0.6631353731905476 5
1605143965682 0.7965757123539957 6
1605143965695 0.7460674168018813 7
1605143965709 0.7426966388573807 8
1605143965723 0.741573032368435 9
1605143965738 0.7690387040041806 10
1605143965751 0.8044696898942583 11
1605143965765 0.7430711649776844 12
1605143965779 0.8268592866618981 13
1605143965793 0.8387372841995754 14
1605143965807 0.8887983426619112 15
1605143965821 0.7979927705914787 16
1605143965835 0.8309420963351646 17
1605143965848 0.8233993281139417 18
1605143965862 0.780874557709426 19
1605143965877 0.7926471849505821 20
1605143965891 0.7908945083618164 21
1605143965905 0.8478083771266295 22
1605143965919 0.8039496119102735 23
1605143965933 0.807545762383536 24
1605143965947 0.8001329537188069 25
1605143965961 0.7861860990524292 26
1605143965975 0.8344389776165566 27
1605143965989 0.8095140885770991 28
1605143966003 0.81317309449228 29
1605143966017 0.7763451873586419 30
1605143966031 0.8321094620093871 31
1605143966044 0.7878595885266079 32
1605143966058 0.8000858004173536 33
1605143966073 0.8346290447738733 34
1605143966087 0.7969557301382001 35
1605143966101 0.8204181636317393 36
1605143966114 0.7892474110206861 37
1605143966130 0.7940576264027799 38
1605143966145 0.8114245353120096 39
1605143966158 0.8244991021209889 40
1605143966172 0.8123717736662104 41
1605143966188 0.8206550016831816 42
1605143966202 0.823535144329071 43
1605143966216 0.8410365661878264 44
1605143966229 0.8446017276035266 45
1605143966243 0.8089952562632186 46
1605143966257 0.7817571243543303 47
1605143966272 0.8000542702299825 48
1605143966286 0.825269329413939 49
1605143966299 0.8095423760039083 50
