1605143964915 0.31350171298123475 1
1605143964929 0.23600136463561755 2
1605143964944 0.19819171642989256 3
1605143964957 0.18248033557045326 4
1605143964971 0.16945624786816285 5
1605143964985 0.15612806229109175 6
1605143964998 0.15872099058011943 7
1605143965011 0.15474319524979324 8
1605143965025 0.13358659523256708 9
1605143965038 0.1892819394556324 10
1605143965052 0.16708480642082985 11
1605143965070 0.1713802359077368 12
1605143965084 0.20227652185418632 13
1605143965098 0.1895215240087402 14
1605143965112 0.22418554847160083 15
1605143965127 0.244162496556057 16
1605143965140 0.2596209581648366 17
1605143965155 0.25439720291100193 18
1605143965168 0.2751909601554442 19
1605143965182 0.27341301622015707 20
1605143965196 0.2909128304277913 21
1605143965209 0.2955394447519538 22
1605143965223 0.29081561190358707 23
1605143965237 0.29355431239256696 24
1605143965251 0.2889346671238374 25
1605143965264 0.31209774499528864 26
1605143965278 0.3332262213310499 27
1605143965292 0.33248491702454813 28
1605143965305 0.32997389154487783 29
1605143965319 0.34585754891459863 30
1605143965333 0.3715140765972352 31
1605143965346 0.3659795509295517 32
1605143965360 0.3795643505755435 33
1605143965374 0.376757690745793 34
1605143965387 0.34959727676396957 35
1605143965401 0.3968694143080979 36
1605143965415 0.39810635266679056 37
1605143965430 0.38421534420399184 38
1605143965444 0.4010040237662498 39
1605143965457 0.41508122240559436 40
1605143965471 0.3841051519586799 41
1605143965486 0.4118195179473148 42
1605143965500 0.4319959758372789 43
1605143965514 0.44804464833120283 44
1605143965528 0.4329215448893858 45
1605143965541 0.4468188205461823 46
1605143965555 0.4565492319257072 47
1605143965569 0.4508063377959005 48
1605143965583 0.49098126272137244 49
1605143965596 0.46504839534839887 50
