1579371786983 0.5066666603088379 0
1579371787060 0.4866666793823242 0
1579371787134 0.49666666984558105 0
1579371787207 0.49000000953674316 0
1579371787280 0.5299999713897705 0
1579371787361 0.5199999809265137 0
1579371787443 0.4866666793823242 0
1579371787543 0.5133333206176758 0
1579371787628 0.5066666603088379 0
1579371787718 0.5366666913032532 0
1579371787807 0.5 0
1579371787899 0.49000000953674316 0
1579371787984 0.49666666984558105 0
1579371788066 0.4833333194255829 0
1579371788139 0.5266666412353516 0
1579371788216 0.49000000953674316 0
1579371788289 0.49000000953674316 0
1579371788362 0.4833333194255829 0
1579371788438 0.47333332896232605 0
1579371788517 0.46666666865348816 0
