1579371786971 0.6945635883013407 0
1579371787047 0.6940602405865988 0
1579371787121 0.6959384067853291 0
1579371787195 0.6971394769350687 0
1579371787268 0.6912964073816935 0
1579371787346 0.6925792781511942 0
1579371787429 0.6980381790796916 0
1579371787529 0.6932589173316955 0
1579371787615 0.698034086227417 0
1579371787704 0.6974037639300028 0
1579371787792 0.6987411602338155 0
1579371787885 0.6959817926088969 0
1579371787969 0.6943389670054118 0
1579371788052 0.6979069534937541 0
1579371788126 0.7234561141331991 0
1579371788203 0.7012925124168397 0
1579371788277 0.7014975396792094 0
1579371788350 0.7081805070241293 0
1579371788424 0.7239631915092468 0
1579371788503 0.7125353439648946 0
