1579398073543 0.488 1
1579398073555 0.508 2
1579398073570 0.512 3
1579398073583 0.492 4
1579398073595 0.491 5
1579398073607 0.539 6
1579398073619 0.511 7
1579398073635 0.501 8
1579398073650 0.518 9
1579398073664 0.497 10
1579398073679 0.517 11
1579398073694 0.511 12
1579398073709 0.488 13
1579398073722 0.507 14
1579398073735 0.499 15
1579398073748 0.523 16
1579398073767 0.508 17
1579398073788 0.509 18
1579398073812 0.496 19
1579398073832 0.503 20
1579398073857 0.506 21
1579398073881 0.51 22
1579398073905 0.497 23
1579398073928 0.5 24
1579398073945 0.496 25
1579398073960 0.492 26
1579398073976 0.499 27
1579398073990 0.504 28
1579398074003 0.501 29
1579398074016 0.493 30
