1579398074802 0.53647053 1
1579398074814 0.35353532 2
1579398074827 0.29826105 3
1579398074839 0.53291935 4
1579398074852 0.33495975 5
1579398074868 0.5069348 6
1579398074890 0.5363865 7
1579398074917 0.49662715 8
1579398074943 0.5331067 9
1579398074970 0.47025514 10
1579398075006 0.41724494 11
1579398075034 0.465755 12
1579398075050 0.48770696 13
1579398075066 0.41271368 14
1579398075082 0.5149725 15
1579398075098 0.53919244 16
1579398075121 0.47619045 17
1579398075146 0.3340548 18
1579398075174 0.3153305 19
1579398075201 0.0043010744 20
1579398075229 0.65845263 21
1579398075256 0.36004525 22
1579398075281 0.3269088 23
1579398075306 0.3299195 24
1579398075332 0.32571846 25
1579398075355 0.32014394 26
1579398075385 0.32631576 27
1579398075411 0.0043103443 28
1579398075440 0.61708117 29
1579398075466 0.30211416 30
