1579398074413 0.5120192 1
1579398074425 0.2734375 2
1579398074438 0.528412 3
1579398074450 0.5029167 4
1579398074462 0.4623016 5
1579398074475 0.5512384 6
1579398074488 0.54462606 7
1579398074500 0.5269608 8
1579398074512 0.5127388 9
1579398074525 0.4908771 10
1579398074537 0.56657183 11
1579398074549 0.50400925 12
1579398074562 0.50558215 13
1579398074574 0.41888398 14
1579398074588 0.54833335 15
1579398074602 0.5410216 16
1579398074617 0.50842696 17
1579398074629 0.25190425 18
1579398074642 0.47580644 19
1579398074654 0.33333334 20
1579398074666 0.49727377 21
1579398074682 0.77868843 22
1579398074698 0.24859075 23
1579398074713 0.2494469 24
1579398074726 0.2483146 25
1579398074739 0.3932292 26
1579398074751 0.2421875 27
1579398074764 0.5 28
1579398074776 0.44880337 29
1579398074789 0.46428573 30
