1579398074028 0.64285713 1
1579398074040 0.5 2
1579398074053 0.24818937 3
1579398074065 0.58739 4
1579398074078 0.34337607 5
1579398074091 0.5111556 6
1579398074103 0.59639585 7
1579398074116 0.56841767 8
1579398074129 0.6282724 9
1579398074142 0.58630633 10
1579398074156 0.5313175 11
1579398074170 0.572667 12
1579398074186 0.5586547 13
1579398074200 0.537614 14
1579398074215 0.6170088 15
1579398074227 0.6430867 16
1579398074239 0.59871244 17
1579398074251 0.49571735 18
1579398074264 0.50212765 19
1579398074277 0.0021645022 20
1579398074290 0.97423494 21
1579398074302 0.5010776 22
1579398074315 0.47727272 23
1579398074327 0.48704103 24
1579398074339 0.4732334 25
1579398074351 0.5042644 26
1579398074363 0.5 27
1579398074375 0.0021645022 28
1579398074388 0.9989429 29
1579398074401 0.50106156 30
