1579415548482 0.46629214 1
1579415548502 0.4733146 2
1579415548526 0.4536517 3
1579415548547 0.58426964 4
1579415548566 0.6516854 5
1579415548589 0.66573036 6
1579415548610 0.6516854 7
1579415548634 0.69101125 8
1579415548651 0.6966292 9
1579415548667 0.6966292 10
1579415548684 0.6966292 11
1579415548701 0.63342696 12
1579415548716 0.6011236 13
1579415548734 0.75 14
1579415548750 0.7752809 15
1579415548763 0.7233146 16
1579415548776 0.58848315 17
1579415548789 0.76825845 18
1579415548802 0.78370786 19
1579415548817 0.7752809 20
1579415548830 0.6980337 21
1579415548843 0.7022472 22
1579415548857 0.7991573 23
1579415548870 0.7991573 24
1579415548883 0.74157304 25
1579415548897 0.7724719 26
1579415548910 0.7991573 27
1579415548923 0.81179774 28
1579415548936 0.79073036 29
