1579415549800 0.2579439 1
1579415549813 0.27173913 2
1579415549828 0.4322854 3
1579415549842 0.38157892 4
1579415549855 0.29857755 5
1579415549869 0.3471803 6
1579415549883 0.22054164 7
1579415549897 0.4400316 8
1579415549910 0.4405594 9
1579415549924 0.42935634 10
1579415549940 0.49604067 11
1579415549954 0.42687088 12
1579415549968 0.51760423 13
1579415549982 0.567999 14
1579415549995 0.6173014 15
1579415550009 0.51946557 16
1579415550023 0.5756862 17
1579415550037 0.626194 18
1579415550051 0.6677712 19
1579415550065 0.63137245 20
1579415550078 0.5454846 21
1579415550091 0.62886345 22
1579415550105 0.6973907 23
1579415550121 0.7173778 24
1579415550136 0.6428657 25
1579415550149 0.61435115 26
1579415550163 0.71321094 27
1579415550177 0.73606884 28
1579415550191 0.69964397 29
