1579415549341 0.18015666 1
1579415549354 0.18656716 2
1579415549369 0.37866667 3
1579415549383 0.46159264 4
1579415549396 0.65917844 5
1579415549410 0.71025646 6
1579415549424 0.7797619 7
1579415549437 0.7352941 8
1579415549451 0.7568182 9
1579415549464 0.78463525 10
1579415549478 0.7916666 11
1579415549491 0.71818995 12
1579415549504 0.6470047 13
1579415549519 0.82898986 14
1579415549533 0.84185517 15
1579415549546 0.82044196 16
1579415549561 0.6586011 17
1579415549574 0.8114017 18
1579415549588 0.7843048 19
1579415549601 0.8241496 20
1579415549618 0.7309524 21
1579415549643 0.68467784 22
1579415549665 0.83100903 23
1579415549690 0.7793384 24
1579415549713 0.74413127 25
1579415549735 0.8800883 26
1579415549751 0.77972794 27
1579415549768 0.78867203 28
1579415549784 0.7866804 29
