1579415548949 0.45394737 1
1579415548963 0.5 2
1579415548977 0.5408532 3
1579415548990 0.33074743 4
1579415549003 0.19444445 5
1579415549017 0.23657246 6
1579415549031 0.12867133 7
1579415549045 0.3194642 8
1579415549058 0.3122549 9
1579415549072 0.29672068 10
1579415549085 0.4736449 11
1579415549099 0.4870959 12
1579415549112 0.6052817 13
1579415549126 0.43695652 14
1579415549139 0.5003252 15
1579415549152 0.48656496 16
1579415549166 0.6887805 17
1579415549180 0.50993127 18
1579415549194 0.58152175 19
1579415549207 0.54697716 20
1579415549220 0.5548034 21
1579415549233 0.6550802 22
1579415549247 0.6081301 23
1579415549260 0.6670034 24
1579415549274 0.62798774 25
1579415549288 0.49420947 26
1579415549301 0.6572162 27
1579415549314 0.69227564 28
1579415549328 0.64858675 29
