1605143944806 0.38202247191011235 1
1605143944819 0.3848314606741573 2
1605143944833 0.398876404494382 3
1605143944846 0.449438202247191 4
1605143944860 0.5449438202247191 5
1605143944875 0.6053370786516854 6
1605143944891 0.6502808988764045 7
1605143944907 0.6460674157303371 8
1605143944920 0.6629213483146067 9
1605143944935 0.6629213483146067 10
1605143944951 0.6587078651685393 11
1605143944967 0.6685393258426966 12
1605143944984 0.6671348314606742 13
1605143945000 0.6573033707865169 14
1605143945016 0.6573033707865169 15
1605143945032 0.6671348314606742 16
1605143945048 0.6629213483146067 17
1605143945065 0.6615168539325843 18
1605143945093 0.6629213483146067 19
1605143945109 0.6657303370786517 20
1605143945127 0.6797752808988764 21
1605143945143 0.6671348314606742 22
1605143945160 0.6713483146067416 23
1605143945176 0.6797752808988764 24
1605143945192 0.6769662921348315 25
1605143945208 0.6853932584269663 26
1605143945224 0.699438202247191 27
1605143945240 0.6980337078651685 28
1605143945256 0.6910112359550562 29
1605143945272 0.6910112359550562 30
1605143945289 0.7064606741573034 31
1605143945305 0.6980337078651685 32
1605143945321 0.7148876404494382 33
1605143945337 0.7134831460674157 34
1605143945354 0.7050561797752809 35
1605143945370 0.7078651685393258 36
1605143945387 0.7092696629213483 37
1605143945403 0.7106741573033708 38
1605143945418 0.7106741573033708 39
1605143945434 0.7120786516853933 40
1605143945448 0.7106741573033708 41
1605143945461 0.7148876404494382 42
1605143945475 0.7289325842696629 43
1605143945490 0.7191011235955056 44
1605143945506 0.7176966292134831 45
1605143945521 0.7289325842696629 46
1605143945536 0.7219101123595506 47
1605143945550 0.7303370786516854 48
1605143945564 0.7219101123595506 49
1605143945577 0.7275280898876404 50
