1605143947032 0.5487337581227335 1
1605143947046 0.5526598370477055 2
1605143947061 0.5527518947472733 3
1605143947075 0.5617399808396114 4
1605143947090 0.5779332270782985 5
1605143947104 0.5721019379208597 6
1605143947119 0.5407919063327018 7
1605143947138 0.4522868863652261 8
1605143947158 0.4231155427654138 9
1605143947174 0.37451428241944046 10
1605143947189 0.33764622117696186 11
1605143947204 0.33822203586610516 12
1605143947219 0.29216100392716654 13
1605143947234 0.26986731572097605 14
1605143947248 0.2530747176556105 15
1605143947262 0.26722036653690123 16
1605143947276 0.25629618998323933 17
1605143947290 0.24786782264709473 18
1605143947305 0.2700943397671989 19
1605143947319 0.26442253556144374 20
1605143947333 0.303191144814652 21
1605143947348 0.2890754636753811 22
1605143947362 0.2977342243944661 23
1605143947377 0.32270073287942436 24
1605143947391 0.3235541341010104 25
1605143947405 0.34808939695358276 26
1605143947420 0.3958672368794345 27
1605143947434 0.3987053492096033 28
1605143947448 0.37912542364570534 29
1605143947463 0.3837410385689039 30
1605143947478 0.4292041498623537 31
1605143947494 0.41101116611716454 32
1605143947512 0.4489901481049784 33
1605143947530 0.44401698366979536 34
1605143947550 0.4330891196647387 35
1605143947579 0.43925108802452517 36
1605143947597 0.4612721733832627 37
1605143947616 0.4519527366991793 38
1605143947635 0.4629008776686165 39
1605143947656 0.45272951983333976 40
1605143947673 0.45441560731844954 41
1605143947694 0.4764564422409186 42
1605143947711 0.5031374525488093 43
1605143947730 0.4849070270409745 44
1605143947747 0.4812198676420062 45
1605143947765 0.48753203434890574 46
1605143947782 0.4940271511506499 47
1605143947799 0.5291216614541043 48
1605143947816 0.5125768673553895 49
1605143947833 0.5142474961414766 50
