1605143946311 0.38269127888625926 1
1605143946326 0.38396129179536626 2
1605143946340 0.38697278097774207 3
1605143946354 0.4041851954848579 4
1605143946368 0.448585807607415 5
1605143946383 0.48565545778596 6
1605143946397 0.5499152025479949 7
1605143946411 0.547650238101402 8
1605143946425 0.6176129177715002 9
1605143946439 0.6325659430428837 10
1605143946453 0.6709113676896256 11
1605143946467 0.729338331168957 12
1605143946482 0.7900838316156623 13
1605143946497 0.7017656578106827 14
1605143946517 0.739967887321215 15
1605143946536 0.7295880210533571 16
1605143946549 0.7987872402319748 17
1605143946563 0.7751738931355852 18
1605143946577 0.8027822462360511 19
1605143946591 0.7981808493646343 20
1605143946605 0.8418405564983239 21
1605143946619 0.8007490648312515 22
1605143946635 0.8047084085057291 23
1605143946649 0.8469769954681396 24
1605143946663 0.8244337473022804 25
1605143946677 0.8347779606165511 26
1605143946691 0.8728018490116248 27
1605143946705 0.8384519360038671 28
1605143946719 0.8382379178250774 29
1605143946733 0.8191351729832338 30
1605143946747 0.8153841307993686 31
1605143946761 0.8047765064775274 32
1605143946775 0.8578367929780082 33
1605143946789 0.8092731277594406 34
1605143946803 0.8043517048439283 35
1605143946818 0.8302436665202795 36
1605143946832 0.8070917919780431 37
1605143946846 0.8134922713376163 38
1605143946860 0.8044654532764735 39
1605143946873 0.791554520639141 40
1605143946887 0.7709364341885856 41
1605143946901 0.810616620136111 42
1605143946915 0.8418158614233638 43
1605143946931 0.8204499684023053 44
1605143946945 0.8035162111346641 45
1605143946959 0.8113140349977472 46
1605143946973 0.8114661848946904 47
1605143946988 0.7884059809566883 48
1605143947002 0.7919567354609457 49
1605143947017 0.814195545871606 50
