1605143945592 0.9971003961027338 1
1605143945607 0.9966708301158433 2
1605143945621 0.9724098966362771 3
1605143945638 0.9291387608881747 4
1605143945652 0.8203202164574955 5
1605143945666 0.7110773365149338 6
1605143945681 0.5462037686551555 7
1605143945695 0.4046362383981769 8
1605143945709 0.33056654119759465 9
1605143945723 0.2729213746745935 10
1605143945737 0.2346594464243128 11
1605143945751 0.2233347999915648 12
1605143945764 0.1816197694017646 13
1605143945778 0.17334577876530335 14
1605143945792 0.15878797247168724 15
1605143945805 0.16634137007627595 16
1605143945819 0.15579833073562452 17
1605143945833 0.1499065150705616 18
1605143945846 0.16646099157547684 19
1605143945860 0.16087945508822965 20
1605143945882 0.18836797824066676 21
1605143945898 0.18149934926729525 22
1605143945912 0.1858464747332455 23
1605143945926 0.20550026987375838 24
1605143945940 0.20400748092137025 25
1605143945954 0.2278786984722266 26
1605143945967 0.2606837677486827 27
1605143945983 0.27144806036788427 28
1605143945997 0.2512521462494068 29
1605143946011 0.2624907051579336 30
1605143946025 0.2992772218886386 31
1605143946039 0.28138392962766495 32
1605143946053 0.3102075008863813 33
1605143946071 0.3113288792331567 34
1605143946085 0.30559805269991414 35
1605143946100 0.3060136534524768 36
1605143946113 0.3292296227444424 37
1605143946129 0.32562026147092327 38
1605143946143 0.3344383038831561 39
1605143946157 0.3239143296573939 40
1605143946171 0.33228485704807753 41
1605143946186 0.3429200729627288 42
1605143946200 0.37299018093709196 43
1605143946214 0.3512004225441579 44
1605143946228 0.35014308972305125 45
1605143946242 0.36001520176951807 46
1605143946256 0.3622382477428136 47
1605143946269 0.40297530340344717 48
1605143946283 0.39136837975362715 49
1605143946297 0.3804523717151599 50
