1605143850749 0.3862359550561798 1
1605143850766 0.4353932584269663 2
1605143850790 0.5112359550561798 3
1605143850807 0.5646067415730337 4
1605143850822 0.6404494382022472 5
1605143850836 0.6896067415730337 6
1605143850849 0.6643258426966292 7
1605143850862 0.672752808988764 8
1605143850876 0.6474719101123596 9
1605143850891 0.6587078651685393 10
1605143850907 0.6713483146067416 11
1605143850922 0.6544943820224719 12
1605143850937 0.6573033707865169 13
1605143850951 0.6671348314606742 14
1605143850964 0.6713483146067416 15
1605143850977 0.6882022471910112 16
1605143850990 0.6910112359550562 17
1605143851004 0.6783707865168539 18
1605143851020 0.699438202247191 19
1605143851037 0.7078651685393258 20
1605143851056 0.702247191011236 21
1605143851083 0.7176966292134831 22
1605143851110 0.7092696629213483 23
1605143851136 0.7176966292134831 24
1605143851165 0.7162921348314607 25
1605143851195 0.7345505617977528 26
1605143851224 0.7345505617977528 27
1605143851253 0.723314606741573 28
1605143851280 0.7289325842696629 29
1605143851304 0.7345505617977528 30
1605143851323 0.7359550561797753 31
1605143851342 0.75 32
1605143851358 0.7471910112359551 33
1605143851375 0.7457865168539326 34
1605143851394 0.7457865168539326 35
1605143851414 0.75 36
1605143851432 0.7514044943820225 37
1605143851447 0.7485955056179775 38
1605143851462 0.7528089887640449 39
1605143851479 0.7584269662921348 40
1605143851493 0.776685393258427 41
1605143851508 0.7752808988764045 42
1605143851525 0.7570224719101124 43
1605143851538 0.7724719101123596 44
1605143851552 0.7794943820224719 45
1605143851567 0.7724719101123596 46
1605143851582 0.7921348314606742 47
1605143851595 0.7851123595505618 48
1605143851612 0.7851123595505618 49
1605143851628 0.7851123595505618 50
