1605143853432 0.5138753438263797 1
1605143853447 0.5280294391546356 2
1605143853462 0.5252514809704898 3
1605143853478 0.4951837625396386 4
1605143853493 0.48726735824949285 5
1605143853508 0.4491580805082 6
1605143853522 0.31209971931543246 7
1605143853536 0.3059983434302084 8
1605143853550 0.22079815556494037 9
1605143853565 0.2371682096063421 10
1605143853581 0.28450138515300966 11
1605143853596 0.22012921933377727 12
1605143853611 0.22368196891934683 13
1605143853629 0.2637370530139194 14
1605143853648 0.28553501139865833 15
1605143853663 0.3507757963759176 16
1605143853678 0.34617793124713253 17
1605143853694 0.34001404817184705 18
1605143853708 0.3831184004129988 19
1605143853724 0.4328303966629371 20
1605143853738 0.41190406947993163 21
1605143853753 0.44945428076754795 22
1605143853768 0.44139544582099055 23
1605143853788 0.4670004469625066 24
1605143853808 0.4538845239060648 25
1605143853823 0.5219459989097681 26
1605143853840 0.5100689369640993 27
1605143853856 0.48886782667610085 28
1605143853875 0.5049030646849214 29
1605143853892 0.5292828280604287 30
1605143853911 0.5262144475840451 31
1605143853927 0.5630371356278323 32
1605143853942 0.5464992422736092 33
1605143853956 0.5559809127550447 34
1605143853971 0.5601000142901131 35
1605143853987 0.5588006712077709 36
1605143854003 0.5689177459545349 37
1605143854020 0.5690752763426705 38
1605143854035 0.5916069652257341 39
1605143854053 0.5906227103779825 40
1605143854076 0.632087632511439 41
1605143854093 0.6501791490597671 42
1605143854108 0.6043695633331042 43
1605143854125 0.6482497313049402 44
1605143854142 0.6542397717411599 45
1605143854159 0.6412079069721565 46
1605143854180 0.6826238739356566 47
1605143854195 0.6690033031313607 48
1605143854209 0.6667980022644728 49
1605143854238 0.674454860472947 50
