1605143852523 0.3698381500297718 1
1605143852540 0.39152099476771407 2
1605143852557 0.4200903739822045 3
1605143852586 0.4477483603391754 4
1605143852619 0.5437509276893702 5
1605143852656 0.6956254230456406 6
1605143852683 0.7161956744247608 7
1605143852708 0.7827715418311987 8
1605143852727 0.7741232480895653 9
1605143852746 0.8403424305862255 10
1605143852763 0.8404494296298938 11
1605143852784 0.7985018746236737 12
1605143852801 0.8513286770059821 13
1605143852819 0.8710540385728471 14
1605143852836 0.8869270474723215 15
1605143852853 0.8145175676667289 16
1605143852870 0.8621722808044948 17
1605143852891 0.8008025737290971 18
1605143852906 0.8035724578278788 19
1605143852921 0.8277620036950272 20
1605143852935 0.8493311900771066 21
1605143852949 0.8452162099688241 22
1605143852963 0.8187562789809838 23
1605143852977 0.8300890159071161 24
1605143852991 0.8014981291267309 25
1605143853005 0.8354491973191165 26
1605143853019 0.8070419156149532 27
1605143853033 0.8339154050591286 28
1605143853048 0.8010068281313006 29
1605143853063 0.8222545224629091 30
1605143853086 0.825484629427449 31
1605143853109 0.8278200438853061 32
1605143853136 0.8164815688401126 33
1605143853156 0.8601888739660885 34
1605143853173 0.8103341145461864 35
1605143853190 0.8405001672466149 36
1605143853209 0.820880761307277 37
1605143853227 0.8144373733006166 38
1605143853243 0.7891019864028759 39
1605143853259 0.8249708025642996 40
1605143853275 0.8267145317591978 41
1605143853291 0.8256934733873003 42
1605143853308 0.7883315407827999 43
1605143853324 0.7956485768382469 44
1605143853339 0.8185794165964877 45
1605143853354 0.7895381571201796 46
1605143853370 0.8193265079112535 47
1605143853387 0.7999966921431295 48
1605143853402 0.7941867742645606 49
1605143853417 0.8044486099414612 50
