1605143851643 0.8561249027091465 1
1605143851659 0.8256823668319188 2
1605143851675 0.7201025619935454 3
1605143851692 0.563788714033834 4
1605143851707 0.450136661529541 5
1605143851722 0.3363848509413473 6
1605143851741 0.2058975040242913 7
1605143851755 0.19758567682812722 8
1605143851770 0.13692583562283034 9
1605143851787 0.1458398498845904 10
1605143851803 0.17985104610410968 11
1605143851823 0.13073656230830075 12
1605143851843 0.13488790225446895 13
1605143851860 0.15833611568708097 14
1605143851880 0.1753184279699004 15
1605143851898 0.22813132438766823 16
1605143851918 0.21953337380055632 17
1605143851934 0.2203202796786019 18
1605143851951 0.2577061083879364 19
1605143851968 0.29832252625668987 20
1605143851993 0.2781006821085898 21
1605143852014 0.31788719905896134 22
1605143852040 0.30616070715229166 23
1605143852064 0.32852692650945 24
1605143852095 0.32398676470424354 25
1605143852114 0.38254748033673575 26
1605143852134 0.38017991486560093 27
1605143852152 0.35930759585305544 28
1605143852169 0.3741996931226066 29
1605143852185 0.39699292182922363 30
1605143852201 0.3935973744713858 31
1605143852217 0.4321089648128895 32
1605143852234 0.4207450539878245 33
1605143852249 0.41792452837644 34
1605143852263 0.4428289619724402 35
1605143852279 0.42859165387207204 36
1605143852295 0.44161821483226305 37
1605143852310 0.44278710678722083 38
1605143852327 0.4810475981637333 39
1605143852343 0.4690899902515197 40
1605143852359 0.5222832118527273 41
1605143852376 0.5471085413788142 42
1605143852392 0.49398926603660154 43
1605143852409 0.5549555333812585 44
1605143852426 0.5512639953849021 45
1605143852442 0.5500773440920905 46
1605143852458 0.5938568764858032 47
1605143852475 0.5906457954578186 48
1605143852491 0.576760476894593 49
1605143852507 0.5827426535359929 50
