1579419003226 0.55617976 1
1579419003243 0.46488765 2
1579419003261 0.53089887 3
1579419003278 0.6418539 4
1579419003293 0.6755618 5
1579419003314 0.69382024 6
1579419003331 0.65589887 7
1579419003348 0.7738764 8
1579419003371 0.7977528 9
1579419003400 0.8174157 10
1579419003426 0.744382 11
1579419003457 0.60393256 12
1579419003490 0.752809 13
1579419003531 0.7598315 14
1579419003569 0.8103933 15
1579419003599 0.81882024 16
1579419003631 0.8230337 17
1579419003657 0.752809 18
1579419003691 0.7275281 19
1579419003721 0.8272472 20
1579419003742 0.8216292 21
1579419003760 0.8300562 22
1579419003778 0.7724719 23
