1579419004821 0.21943572 1
1579419004836 0.2996495 2
1579419004851 0.5080128 3
1579419004865 0.16968536 4
1579419004879 0.33761537 5
1579419004893 0.38447607 6
1579419004908 0.45719624 7
1579419004922 0.67641425 8
1579419004937 0.7113494 9
1579419004963 0.75190836 10
1579419005013 0.68078804 11
1579419005054 0.32796255 12
1579419005089 0.63485193 13
1579419005126 0.63702714 14
1579419005159 0.7466823 15
1579419005185 0.75310266 16
1579419005211 0.75595474 17
1579419005230 0.6516036 18
1579419005247 0.5670832 19
1579419005265 0.7487297 20
1579419005282 0.7517789 21
1579419005296 0.7602627 22
1579419005311 0.66469777 23
