1579419004320 0.19125684 1
1579419004335 0.3483643 2
1579419004349 0.5323118 3
1579419004364 0.7673611 4
1579419004378 0.7850877 5
1579419004392 0.7831962 6
1579419004407 0.6726191 7
1579419004421 0.7565876 8
1579419004435 0.7865102 9
1579419004454 0.7853603 10
1579419004489 0.71907216 11
1579419004520 0.7372881 12
1579419004551 0.76185656 13
1579419004583 0.77910095 14
1579419004615 0.7651348 15
1579419004651 0.79504263 16
1579419004686 0.788972 17
1579419004714 0.7620321 18
1579419004740 0.7983138 19
1579419004757 0.8462033 20
1579419004774 0.8067227 21
1579419004791 0.8261905 22
1579419004807 0.795068 23
