1579419003796 0.25735295 1
1579419003813 0.5183824 2
1579419003828 0.66980374 3
1579419003842 0.09539297 4
1579419003856 0.21528456 5
1579419003870 0.27115634 6
1579419003885 0.48373592 7
1579419003899 0.61341465 8
1579419003912 0.6501452 9
1579419003926 0.7221805 10
1579419003940 0.71352184 11
1579419003956 0.44784483 12
1579419003989 0.5719955 13
1579419004026 0.58181816 14
1579419004071 0.73167956 15
1579419004122 0.71541953 16
1579419004167 0.72559166 17
1579419004206 0.6417722 18
1579419004232 0.53582674 19
1579419004251 0.67360806 20
1579419004269 0.70511854 21
1579419004286 0.70653594 22
1579419004304 0.6090425 23
