1579415132316 0.5730337 1
1579415132336 0.5744382 2
1579415132358 0.56601125 3
1579415132382 0.5772472 4
1579415132402 0.5646067 5
1579415132418 0.6601124 6
1579415132435 0.6671348 7
1579415132454 0.6053371 8
1579415132473 0.6292135 9
1579415132491 0.63623595 10
1579415132511 0.6179775 11
1579415132532 0.6699438 12
1579415132549 0.70365167 13
1579415132564 0.7078652 14
1579415132579 0.625 15
1579415132593 0.7022472 16
1579415132606 0.5800562 17
1579415132618 0.66573036 18
1579415132631 0.6896067 19
1579415132643 0.73455054 20
1579415132657 0.7542135 21
1579415132674 0.5646067 22
1579415132690 0.68398875 23
1579415132706 0.7176966 24
1579415132719 0.6488764 25
1579415132732 0.68117976 26
1579415132746 0.68117976 27
1579415132760 0.68398875 28
