1579415133517 0.27331612 1
1579415133530 0.32896745 2
1579415133543 0.35595623 3
1579415133564 0.39503857 4
1579415133583 0.34148234 5
1579415133600 0.5541281 6
1579415133618 0.52314997 7
1579415133635 0.5119664 8
1579415133652 0.5363736 9
1579415133671 0.45214093 10
1579415133685 0.46404096 11
1579415133698 0.5718335 12
1579415133711 0.52329624 13
1579415133724 0.58748627 14
1579415133737 0.44840083 15
1579415133750 0.56960094 16
1579415133763 0.38272604 17
1579415133776 0.5215058 18
1579415133790 0.510859 19
1579415133803 0.55612236 20
1579415133815 0.624866 21
1579415133828 0.38035485 22
1579415133842 0.31799704 23
1579415133855 0.4566564 24
1579415133868 0.26111245 25
1579415133882 0.328842 26
1579415133895 0.35208264 27
1579415133908 0.3362531 28
