1579415133143 0.7157721 1
1579415133156 0.66137767 2
1579415133171 0.47540987 3
1579415133187 0.51939136 4
1579415133201 0.604653 5
1579415133214 0.5633084 6
1579415133227 0.6416633 7
1579415133240 0.56804097 8
1579415133253 0.5827546 9
1579415133266 0.61506236 10
1579415133279 0.63419914 11
1579415133292 0.66439384 12
1579415133305 0.7140384 13
1579415133318 0.63605535 14
1579415133330 0.639817 15
1579415133343 0.6703634 16
1579415133357 0.549603 17
1579415133370 0.57606226 18
1579415133383 0.646685 19
1579415133396 0.77002114 20
1579415133409 0.74230176 21
1579415133423 0.64829767 22
1579415133436 0.9226191 23
1579415133449 0.8811418 24
1579415133462 0.7946654 25
1579415133475 0.8405598 26
1579415133489 0.5953592 27
1579415133503 0.848125 28
