1579415132774 0.33481526 1
1579415132786 0.37931252 2
1579415132799 0.38923556 3
1579415132811 0.47155786 4
1579415132824 0.42225814 5
1579415132837 0.5475226 6
1579415132850 0.5420055 7
1579415132863 0.58503425 8
1579415132876 0.59409976 9
1579415132888 0.47053158 10
1579415132902 0.5211483 11
1579415132914 0.5901786 12
1579415132927 0.47484922 13
1579415132940 0.55382115 14
1579415132952 0.47286293 15
1579415132966 0.5274332 16
1579415132978 0.49377397 17
1579415132991 0.49349153 18
1579415133006 0.445172 19
1579415133019 0.47828868 20
1579415133034 0.56261736 21
1579415133047 0.44860637 22
1579415133061 0.19410561 23
1579415133077 0.31316116 24
1579415133090 0.19770305 25
1579415133103 0.21396258 26
1579415133115 0.31471923 27
1579415133129 0.2133385 28
