1579372941215 0.6945380552609761 0
1579372941308 0.7011164442698161 0
1579372941402 0.6942103513081869 0
1579372941493 0.7002227981885274 0
1579372941571 0.699985195795695 0
1579372941664 0.6986206475893656 0
1579372941761 0.7326833113034567 0
1579372941840 0.7232921179135641 0
1579372941918 0.7037469450632731 0
1579372942008 0.7217487049102783 0
1579372942092 0.6947885672251384 0
1579372942185 0.706692582766215 0
1579372942275 0.7054518254597982 0
1579372942367 0.6977057242393494 0
1579372942458 0.7109980670611064 0
1579372942539 0.7022552021344503 0
1579372942628 0.7297363630930582 0
1579372942732 0.7497227772076924 0
1579372942829 0.731551566918691 0
1579372942912 0.7823275502522786 0
