1579388910600 0.4681275 0
1579388910612 0.46178344 1
1579388910623 0.49373433 2
1579388910635 0.5140665 3
1579388910647 0.4945055 4
1579388910659 0.5273973 5
1579388910671 0.52307695 6
1579388910686 0.5681818 7
1579388910700 0.49619773 8
1579388910714 0.5588235 9
1579388910727 0.54292345 10
1579388910739 0.54188484 11
1579388910751 0.5568182 12
1579388910763 0.5304348 13
1579388910775 0.5938967 14
1579388910787 0.5707547 15
1579388910799 0.5794621 16
1579388910812 0.58518517 17
1579388910824 0.60444444 18
1579388910836 0.5729167 19
