1579388910351 0.4825462 0
1579388910363 0.29774126 1
1579388910376 0.40451744 2
1579388910388 0.412731 3
1579388910403 0.36960986 4
1579388910416 0.31622177 5
1579388910429 0.48870638 6
1579388910442 0.3593429 7
1579388910453 0.53593427 8
1579388910465 0.42915812 9
1579388910477 0.4804928 10
1579388910489 0.42505133 11
1579388910501 0.50308007 12
1579388910513 0.37577003 13
1579388910525 0.51950717 14
1579388910537 0.49691993 15
1579388910549 0.48665297 16
1579388910561 0.48665297 17
1579388910573 0.55852157 18
1579388910586 0.5646817 19
