1579419815526 0.630618 1
1579419815540 0.48876405 2
1579419815554 0.6966292 3
1579419815569 0.71067417 4
1579419815589 0.7205056 5
1579419815606 0.7542135 6
1579419815623 0.7851124 7
1579419815640 0.7570225 8
1579419815658 0.8019663 9
1579419815676 0.81179774 10
1579419815694 0.81601125 11
1579419815710 0.7514045 12
1579419815725 0.78932583 13
1579419815740 0.81882024 14
1579419815754 0.8272472 15
1579419815768 0.8272472 16
1579419815782 0.7991573 17
1579419815799 0.78651685 18
1579419815816 0.8103933 19
1579419815831 0.8202247 20
1579419815845 0.8075843 21
1579419815860 0.82865167 22
1579419815874 0.83707863 23
