1579419816551 0.19658118 1
1579419816565 0.42032963 2
1579419816580 0.4285018 3
1579419816596 0.46276474 4
1579419816611 0.50243974 5
1579419816625 0.5809273 6
1579419816639 0.6604514 7
1579419816653 0.5822549 8
1579419816668 0.7123847 9
1579419816685 0.73150545 10
1579419816701 0.722807 11
1579419816715 0.58379877 12
1579419816730 0.6975783 13
1579419816744 0.7521326 14
1579419816759 0.75433135 15
1579419816773 0.7634113 16
1579419816787 0.7058029 17
1579419816803 0.69016665 18
1579419816819 0.7115003 19
1579419816833 0.75168085 20
1579419816848 0.71872485 21
1579419816863 0.7642234 22
1579419816877 0.7739265 23
