1579419816220 0.2804878 1
1579419816234 0.62532467 2
1579419816248 0.7763952 3
1579419816263 0.80757576 4
1579419816278 0.7948394 5
1579419816293 0.8423579 6
1579419816309 0.83286047 7
1579419816323 0.8125 8
1579419816337 0.80919206 9
1579419816351 0.8142135 10
1579419816365 0.8354893 11
1579419816380 0.8323408 12
1579419816395 0.7774996 13
1579419816409 0.7972372 14
1579419816423 0.8176714 15
1579419816437 0.7951299 16
1579419816451 0.81354415 17
1579419816464 0.79884005 18
1579419816479 0.8688108 19
1579419816494 0.8018293 20
1579419816508 0.82206595 21
1579419816522 0.81250864 22
1579419816536 0.8336563 23
