1579419815890 0.1513158 1
1579419815904 0.59782606 2
1579419815922 0.29755107 3
1579419815936 0.32571226 4
1579419815950 0.3696145 5
1579419815964 0.44705343 6
1579419815979 0.5569459 7
1579419815993 0.5263889 8
1579419816007 0.65070903 9
1579419816021 0.66597676 10
1579419816035 0.647 11
1579419816049 0.52179873 12
1579419816064 0.6586486 13
1579419816078 0.71315193 14
1579419816092 0.7037781 15
1579419816106 0.73616844 16
1579419816120 0.6394241 17
1579419816135 0.636958 18
1579419816149 0.63334614 19
1579419816163 0.715966 20
1579419816178 0.65622973 21
1579419816192 0.7232621 22
1579419816206 0.72230613 23
