1579415554888 0.6783708 1
1579415554902 0.7794944 2
1579415554915 0.8005618 3
1579415554928 0.7921348 4
1579415554941 0.8019663 5
1579415554954 0.8005618 6
1579415554967 0.78370786 7
1579415554982 0.8174157 8
1579415555001 0.81179774 9
1579415555017 0.80898875 10
1579415555032 0.7921348 11
1579415555046 0.8033708 12
1579415555059 0.81882024 13
1579415555071 0.79634833 14
1579415555085 0.81601125 15
1579415555099 0.81601125 16
1579415555112 0.8272472 17
1579415555125 0.81179774 18
1579415555137 0.8146067 19
1579415555150 0.8244382 20
1579415555163 0.81601125 21
1579415555177 0.8146067 22
1579415555190 0.81601125 23
1579415555202 0.8216292 24
1579415555215 0.8244382 25
1579415555228 0.81601125 26
1579415555243 0.8174157 27
1579415555256 0.8174157 28
1579415555269 0.83426964 29
1579415555282 0.81882024 30
1579415555295 0.8202247 31
1579415555308 0.8300562 32
1579415555320 0.8244382 33
1579415555333 0.8202247 34
1579415555346 0.8258427 35
1579415555360 0.80898875 36
1579415555374 0.8230337 37
1579415555390 0.81320226 38
1579415555403 0.8300562 39
