1579415556544 0.43438402 1
1579415556561 0.6319047 2
1579415556575 0.7023921 3
1579415556590 0.6655103 4
1579415556604 0.6640957 5
1579415556617 0.6758465 6
1579415556631 0.66834855 7
1579415556645 0.7094521 8
1579415556659 0.7034332 9
1579415556673 0.7150329 10
1579415556687 0.6754755 11
1579415556701 0.702972 12
1579415556714 0.7104826 13
1579415556728 0.6977091 14
1579415556742 0.7281853 15
1579415556756 0.71180195 16
1579415556772 0.7388605 17
1579415556788 0.7117939 18
1579415556802 0.7145869 19
1579415556815 0.72138566 20
1579415556829 0.71812165 21
1579415556842 0.7103742 22
1579415556857 0.7106624 23
1579415556873 0.7190531 24
1579415556888 0.72985667 25
1579415556902 0.69555765 26
1579415556916 0.72465 27
1579415556930 0.71453327 28
1579415556944 0.7435382 29
1579415556957 0.7302288 30
1579415556971 0.70793986 31
1579415556985 0.72056204 32
1579415556999 0.7311839 33
1579415557013 0.723559 34
1579415557027 0.7427559 35
1579415557042 0.72022235 36
1579415557056 0.7164636 37
1579415557070 0.70469093 38
1579415557084 0.7349216 39
