1579415555945 0.5669799 1
1579415555959 0.8251882 2
1579415555973 0.79640883 3
1579415555986 0.80461735 4
1579415556000 0.76182616 5
1579415556016 0.8418832 6
1579415556038 0.80359733 7
1579415556065 0.8252132 8
1579415556090 0.8005181 9
1579415556117 0.8247793 10
1579415556137 0.7980057 11
1579415556154 0.79176944 12
1579415556171 0.8172636 13
1579415556187 0.7772026 14
1579415556202 0.82275784 15
1579415556216 0.8136681 16
1579415556229 0.82526016 17
1579415556243 0.8377684 18
1579415556257 0.82123286 19
1579415556270 0.83063877 20
1579415556284 0.8476639 21
1579415556297 0.8454546 22
1579415556311 0.80754834 23
1579415556324 0.87607026 24
1579415556337 0.8465128 25
1579415556352 0.8240981 26
1579415556365 0.85656565 27
1579415556380 0.8171444 28
1579415556394 0.87524706 29
1579415556407 0.83181536 30
1579415556421 0.81569815 31
1579415556434 0.8735318 32
1579415556448 0.8552833 33
1579415556462 0.85371244 34
1579415556475 0.8412457 35
1579415556489 0.814435 36
1579415556502 0.8172679 37
1579415556516 0.85466355 38
1579415556530 0.85891056 39
