1579415555417 0.4330677 1
1579415555432 0.5875481 2
1579415555447 0.66579443 3
1579415555461 0.60481983 4
1579415555475 0.61522096 5
1579415555489 0.6040808 6
1579415555503 0.61563903 7
1579415555516 0.6595841 8
1579415555530 0.65457475 9
1579415555543 0.66369545 10
1579415555556 0.6326262 11
1579415555569 0.6651649 12
1579415555583 0.65098006 13
1579415555597 0.666694 14
1579415555610 0.6834949 15
1579415555623 0.6599686 16
1579415555637 0.68770164 17
1579415555651 0.65115005 18
1579415555665 0.6598573 19
1579415555678 0.6781172 20
1579415555691 0.65445364 21
1579415555705 0.6454835 22
1579415555718 0.6463423 23
1579415555731 0.6302224 24
1579415555745 0.665481 25
1579415555758 0.63073784 26
1579415555772 0.6446226 27
1579415555785 0.6722491 28
1579415555798 0.67807066 29
1579415555812 0.67850095 30
1579415555825 0.6574522 31
1579415555838 0.6423741 32
1579415555852 0.66782635 33
1579415555865 0.67824537 34
1579415555880 0.6945757 35
1579415555893 0.68477076 36
1579415555906 0.65643615 37
1579415555920 0.6415507 38
1579415555933 0.66928816 39
