1579415592579 0.56601125 1
1579415592596 0.64606744 2
1579415592616 0.68679774 3
1579415592642 0.73876405 4
1579415592666 0.79353935 5
1579415592690 0.77106744 6
1579415592714 0.7780899 7
1579415592734 0.7752809 8
1579415592752 0.73876405 9
1579415592769 0.7780899 10
1579415592786 0.8005618 11
1579415592803 0.7780899 12
1579415592825 0.8033708 13
1579415592841 0.78370786 14
1579415592855 0.79073036 15
1579415592869 0.81882024 16
1579415592882 0.747191 17
1579415592896 0.8047753 18
1579415592909 0.7949438 19
1579415592922 0.8019663 20
1579415592935 0.7949438 21
