1579415593525 0.3574964 1
1579415593539 0.51124746 2
1579415593553 0.53305686 3
1579415593567 0.6278994 4
1579415593581 0.62296575 5
1579415593595 0.6611469 6
1579415593608 0.65506434 7
1579415593622 0.6685414 8
1579415593635 0.63484323 9
1579415593649 0.58228767 10
1579415593663 0.6940724 11
1579415593679 0.6494496 12
1579415593695 0.70062107 13
1579415593708 0.6899484 14
1579415593722 0.67324203 15
1579415593738 0.7284388 16
1579415593763 0.6577258 17
1579415593789 0.7310387 18
1579415593814 0.68960243 19
1579415593837 0.72033155 20
1579415593861 0.6887177 21
