1579415593235 0.39978355 1
1579415593249 0.6341119 2
1579415593263 0.7132238 3
1579415593277 0.772487 4
1579415593290 0.69912124 5
1579415593304 0.8356848 6
1579415593317 0.794302 7
1579415593331 0.79659337 8
1579415593344 0.81084436 9
1579415593359 0.7242488 10
1579415593373 0.84634715 11
1579415593386 0.8391166 12
1579415593399 0.8005655 13
1579415593413 0.845937 14
1579415593426 0.80832887 15
1579415593439 0.83664 16
1579415593453 0.80944026 17
1579415593469 0.84867454 18
1579415593484 0.80573994 19
1579415593497 0.7962289 20
1579415593511 0.81664264 21
