1579415592949 0.44227427 1
1579415592963 0.56423527 2
1579415592977 0.51419586 3
1579415592990 0.5805152 4
1579415593004 0.56803745 5
1579415593018 0.5790064 6
1579415593031 0.5906451 7
1579415593045 0.59619176 8
1579415593058 0.57263714 9
1579415593071 0.51771903 10
1579415593085 0.6194787 11
1579415593099 0.5520847 12
1579415593113 0.66318256 13
1579415593126 0.607692 14
1579415593140 0.6028021 15
1579415593153 0.6776116 16
1579415593167 0.58922684 17
1579415593181 0.6517508 18
1579415593194 0.6149857 19
1579415593208 0.7046196 20
1579415593221 0.6373368 21
