1579419890489 0.54634833 1
1579419890506 0.6348315 2
1579419890520 0.72893256 3
1579419890534 0.7247191 4
1579419890548 0.7780899 5
1579419890563 0.79634833 6
1579419890576 0.7949438 7
1579419890592 0.7921348 8
1579419890606 0.7991573 9
1579419890624 0.8202247 10
1579419890646 0.8146067 11
1579419890677 0.81320226 12
1579419890718 0.8005618 13
1579419890759 0.78792137 14
1579419890793 0.8230337 15
1579419890811 0.7921348 16
1579419890829 0.8230337 17
1579419890846 0.81179774 18
1579419890862 0.81601125 19
1579419890876 0.81179774 20
1579419890890 0.81882024 21
1579419890904 0.7766854 22
1579419890918 0.8258427 23
1579419890933 0.8244382 24
1579419890948 0.8230337 25
1579419890962 0.8398876 26
1579419890977 0.8244382 27
1579419890992 0.84410113 28
1579419891007 0.8103933 29
1579419891021 0.81882024 30
1579419891036 0.83567417 31
1579419891050 0.83848315 32
1579419891065 0.81882024 33
1579419891080 0.83848315 34
1579419891095 0.8328652 35
1579419891109 0.83146065 36
1579419891124 0.8230337 37
1579419891138 0.83426964 38
1579419891152 0.8272472 39
