1579419892345 0.37951827 1
1579419892359 0.4148447 2
1579419892374 0.5670019 3
1579419892389 0.49188662 4
1579419892403 0.6333904 5
1579419892420 0.6899457 6
1579419892435 0.68815297 7
1579419892450 0.6681116 8
1579419892466 0.70897484 9
1579419892483 0.7502324 10
1579419892499 0.7325693 11
1579419892514 0.71285516 12
1579419892529 0.67743546 13
1579419892543 0.674372 14
1579419892558 0.7368557 15
1579419892573 0.6937346 16
1579419892588 0.740797 17
1579419892603 0.7206627 18
1579419892618 0.71527106 19
1579419892633 0.7045155 20
1579419892647 0.74378383 21
1579419892662 0.67314863 22
1579419892683 0.75754184 23
1579419892706 0.73196757 24
1579419892727 0.7346546 25
1579419892749 0.7676307 26
1579419892768 0.75740975 27
1579419892786 0.7670067 28
1579419892805 0.7135356 29
1579419892823 0.703456 30
1579419892840 0.7545356 31
1579419892856 0.7571264 32
1579419892871 0.7286734 33
1579419892886 0.7613408 34
1579419892901 0.7502788 35
1579419892916 0.7580811 36
1579419892931 0.7357502 37
1579419892946 0.7543759 38
1579419892962 0.7381514 39
