1579419891754 0.56262136 1
1579419891770 0.6609505 2
1579419891784 0.760594 3
1579419891798 0.82177556 4
1579419891814 0.8458019 5
1579419891828 0.781527 6
1579419891843 0.81389135 7
1579419891857 0.84105796 8
1579419891871 0.8014588 9
1579419891885 0.85301644 10
1579419891900 0.8236188 11
1579419891917 0.8136186 12
1579419891932 0.8429942 13
1579419891947 0.81485075 14
1579419891961 0.82227236 15
1579419891978 0.84263676 16
1579419891993 0.83618575 17
1579419892008 0.8172989 18
1579419892024 0.80394727 19
1579419892039 0.855466 20
1579419892053 0.8206671 21
1579419892068 0.7873866 22
1579419892083 0.86163396 23
1579419892098 0.8325154 24
1579419892113 0.8434736 25
1579419892127 0.8737144 26
1579419892142 0.8681017 27
1579419892156 0.8505257 28
1579419892171 0.84992355 29
1579419892186 0.8704036 30
1579419892201 0.8555981 31
1579419892216 0.8283923 32
1579419892236 0.8606509 33
1579419892253 0.8743234 34
1579419892271 0.84814876 35
1579419892286 0.840689 36
1579419892301 0.8414876 37
1579419892316 0.8559598 38
1579419892331 0.83246106 39
