1579419891167 0.46705434 1
1579419891181 0.38639262 2
1579419891195 0.501052 3
1579419891210 0.38741133 4
1579419891229 0.54170513 5
1579419891247 0.6312603 6
1579419891263 0.63075817 7
1579419891277 0.59962547 8
1579419891291 0.65336007 9
1579419891306 0.68064266 10
1579419891320 0.67320126 11
1579419891335 0.6523911 12
1579419891349 0.59952354 13
1579419891364 0.61735106 14
1579419891380 0.6731917 15
1579419891394 0.6161928 16
1579419891408 0.67952526 17
1579419891422 0.6689103 18
1579419891436 0.6538746 19
1579419891451 0.63135475 20
1579419891468 0.68454665 21
1579419891485 0.64978254 22
1579419891499 0.68142813 23
1579419891513 0.6677503 24
1579419891527 0.6729575 25
1579419891541 0.6927913 26
1579419891556 0.6901622 27
1579419891571 0.70729405 28
1579419891586 0.64541036 29
1579419891600 0.62718 30
1579419891615 0.6835572 31
1579419891630 0.6985621 32
1579419891644 0.64897156 33
1579419891659 0.68403 34
1579419891673 0.6791372 35
1579419891688 0.69651616 36
1579419891703 0.6587466 37
1579419891720 0.68249124 38
1579419891737 0.6768102 39
