1579398117836 0.512 1
1579398117851 0.487 2
1579398117866 0.497 3
1579398117884 0.496 4
1579398117902 0.482 5
1579398117921 0.533 6
1579398117941 0.516 7
1579398117962 0.52 8
1579398117984 0.513 9
1579398118002 0.523 10
1579398118020 0.493 11
1579398118035 0.517 12
1579398118049 0.506 13
1579398118063 0.504 14
1579398118076 0.503 15
1579398118092 0.494 16
1579398118107 0.495 17
1579398118122 0.476 18
1579398118136 0.495 19
1579398118150 0.495 20
1579398118165 0.495 21
1579398118180 0.495 22
1579398118193 0.495 23
1579398118206 0.507 24
1579398118218 0.495 25
1579398118230 0.515 26
1579398118243 0.505 27
1579398118255 0.495 28
1579398118268 0.513 29
