1579398119071 0.33572966 1
1579398119095 0.39511427 2
1579398119117 0.05128205 3
1579398119134 0.31496724 4
1579398119149 0.33244485 5
1579398119164 0.64329004 6
1579398119177 0.6490371 7
1579398119190 0.6802755 8
1579398119203 0.66586477 9
1579398119216 0.6513497 10
1579398119229 0.57609737 11
1579398119242 0.6048697 12
1579398119254 0.60952675 13
1579398119267 0.6319716 14
1579398119281 0.53426015 15
1579398119293 0.0 16
1579398119306 0.0 17
1579398119319 0.18051092 18
1579398119331 0.0 19
1579398119344 0.0 20
1579398119357 0.0 21
1579398119369 0.0 22
1579398119384 0.0 23
1579398119400 0.64364326 24
1579398119415 0.68216115 25
1579398119429 0.68502533 26
1579398119441 0.62308943 27
1579398119454 0.0 28
1579398119466 0.58725727 29
