1579398118661 0.25463468 1
1579398118674 0.47400194 2
1579398118687 0.5 3
1579398118699 0.48163658 4
1579398118711 0.44552732 5
1579398118724 0.5525996 6
1579398118736 0.52284086 7
1579398118750 0.56174976 8
1579398118764 0.52084327 9
1579398118777 0.5043175 10
1579398118789 0.46360457 11
1579398118802 0.5178131 12
1579398118814 0.4988764 13
1579398118826 0.47840413 14
1579398118838 0.45852274 15
1579398118851 0.0 16
1579398118863 0.0 17
1579398118878 0.33513513 18
1579398118894 0.0 19
1579398118910 0.0 20
1579398118922 0.0 21
1579398118935 0.0 22
1579398118947 0.0 23
1579398118960 0.5035629 24
1579398118972 0.5258181 25
1579398118985 0.52728367 26
1579398119001 0.4562297 27
1579398119024 0.0 28
1579398119046 0.5014958 29
