1579398118282 0.49261603 1
1579398118294 0.53805494 2
1579398118307 0.027027028 3
1579398118320 0.28701755 4
1579398118332 0.2918696 5
1579398118348 0.77055204 6
1579398118360 0.8556231 7
1579398118376 0.8672615 8
1579398118392 0.9228175 9
1579398118409 0.9203509 10
1579398118425 0.76376414 11
1579398118439 0.7273556 12
1579398118452 0.78586626 13
1579398118464 0.93283916 14
1579398118476 0.66958404 15
1579398118489 0.0 16
1579398118501 0.0 17
1579398118513 0.24222746 18
1579398118525 0.0 19
1579398118537 0.0 20
1579398118549 0.0 21
1579398118563 0.0 22
1579398118576 0.0 23
1579398118589 0.89172447 24
1579398118601 0.9712766 25
1579398118613 0.9786484 26
1579398118625 0.993737 27
1579398118637 0.0 28
1579398118649 0.70942247 29
