1579419857293 0.4985955 1
1579419857307 0.5042135 2
1579419857322 0.56320226 3
1579419857336 0.6123595 4
1579419857352 0.64606744 5
1579419857367 0.68117976 6
1579419857381 0.7542135 7
1579419857395 0.747191 8
1579419857411 0.7823034 9
1579419857427 0.7570225 10
1579419857442 0.8075843 11
1579419857457 0.7823034 12
1579419857471 0.8019663 13
1579419857485 0.7991573 14
1579419857500 0.78932583 15
1579419857517 0.81320226 16
1579419857533 0.7457865 17
1579419857549 0.7626405 18
1579419857569 0.8202247 19
1579419857589 0.7752809 20
1579419857604 0.8103933 21
1579419857621 0.8103933 22
1579419857639 0.79073036 23
1579419857656 0.8174157 24
1579419857674 0.80617976 25
1579419857691 0.8019663 26
1579419857705 0.81179774 27
1579419857721 0.8244382 28
1579419857743 0.7851124 29
1579419857770 0.80898875 30
1579419857793 0.8033708 31
1579419857811 0.81601125 32
1579419857830 0.8230337 33
1579419857849 0.80617976 34
