1579419859318 0.37468317 1
1579419859338 0.295045 2
1579419859359 0.46725094 3
1579419859379 0.4780921 4
1579419859403 0.5639112 5
1579419859428 0.52289814 6
1579419859458 0.63629746 7
1579419859481 0.603988 8
1579419859500 0.7151219 9
1579419859524 0.63230914 10
1579419859543 0.7244654 11
1579419859561 0.645345 12
1579419859579 0.7188913 13
1579419859608 0.70267963 14
1579419859631 0.7027517 15
1579419859650 0.7285242 16
1579419859675 0.57141995 17
1579419859698 0.67661625 18
1579419859722 0.7640664 19
1579419859753 0.61631376 20
1579419859772 0.74676436 21
1579419859791 0.70363164 22
1579419859817 0.7068672 23
1579419859835 0.7386469 24
1579419859852 0.71000224 25
1579419859870 0.6974159 26
1579419859894 0.74484104 27
1579419859914 0.75323135 28
1579419859933 0.68871385 29
1579419859954 0.7224324 30
1579419859975 0.7177675 31
1579419860027 0.74315816 32
1579419860077 0.7361972 33
1579419860123 0.7107413 34
