1579419858751 0.265758 1
1579419858768 0.23731284 2
1579419858786 0.5059137 3
1579419858803 0.6333661 4
1579419858820 0.6485495 5
1579419858838 0.69604087 6
1579419858856 0.7504831 7
1579419858870 0.7502833 8
1579419858885 0.780107 9
1579419858899 0.769706 10
1579419858913 0.77357024 11
1579419858928 0.8091669 12
1579419858943 0.77894825 13
1579419858958 0.8145745 14
1579419858973 0.7607667 15
1579419858987 0.7980843 16
1579419859002 0.7987819 17
1579419859020 0.77105504 18
1579419859038 0.8083264 19
1579419859054 0.81440973 20
1579419859069 0.7704849 21
1579419859084 0.8503124 22
1579419859099 0.76168174 23
1579419859115 0.845002 24
1579419859131 0.78419346 25
1579419859146 0.8557132 26
1579419859160 0.78776807 27
1579419859175 0.83760566 28
1579419859189 0.81237197 29
1579419859204 0.789404 30
1579419859220 0.8020027 31
1579419859248 0.84188956 32
1579419859278 0.79322726 33
1579419859298 0.8070586 34
