1579419857881 0.63492066 1
1579419857958 0.3906982 2
1579419858014 0.49755773 3
1579419858065 0.48738977 4
1579419858101 0.5921601 5
1579419858132 0.5334701 6
1579419858157 0.5584571 7
1579419858183 0.532486 8
1579419858200 0.67253715 9
1579419858225 0.57164603 10
1579419858244 0.6873489 11
1579419858262 0.5637717 12
1579419858279 0.67706394 13
1579419858301 0.6237978 14
1579419858327 0.6606956 15
1579419858345 0.67574483 16
1579419858365 0.51911265 17
1579419858383 0.6424677 18
1579419858401 0.7250785 19
1579419858418 0.543786 20
1579419858433 0.72595644 21
1579419858448 0.62022835 22
1579419858470 0.6650561 23
1579419858497 0.658418 24
1579419858523 0.65540797 25
1579419858549 0.59943634 26
1579419858572 0.71169853 27
1579419858601 0.6898288 28
1579419858632 0.6387484 29
1579419858655 0.6677692 30
1579419858673 0.6528637 31
1579419858690 0.6711418 32
1579419858713 0.6885579 33
1579419858733 0.63940114 34
