1579419017059 0.5323034 1
1579419017093 0.5898876 2
1579419017117 0.6025281 3
1579419017142 0.6994382 4
1579419017188 0.7457865 5
1579419017255 0.68679774 6
1579419017307 0.752809 7
1579419017358 0.744382 8
1579419017399 0.68820226 9
1579419017427 0.7991573 10
1579419017452 0.80898875 11
1579419017476 0.80898875 12
1579419017507 0.8174157 13
1579419017544 0.7851124 14
1579419017565 0.78932583 15
1579419017587 0.8244382 16
1579419017624 0.7949438 17
1579419017659 0.81601125 18
1579419017693 0.81179774 19
1579419017727 0.8174157 20
1579419017757 0.8033708 21
1579419017784 0.8202247 22
1579419017818 0.7514045 23
1579419017854 0.73595506 24
1579419017887 0.77106744 25
1579419017913 0.80617976 26
1579419017938 0.81601125 27
1579419017958 0.76825845 28
1579419017976 0.7851124 29
1579419017993 0.81882024 30
1579419018010 0.7429775 31
1579419018030 0.78089887 32
1579419018053 0.8146067 33
1579419018070 0.8103933 34
1579419018087 0.81320226 35
1579419018110 0.80617976 36
1579419018140 0.8272472 37
1579419018168 0.81179774 38
1579419018198 0.81320226 39
1579419018228 0.8216292 40
1579419018255 0.7738764 41
1579419018282 0.8174157 42
1579419018307 0.79073036 43
1579419018332 0.81882024 44
1579419018356 0.8033708 45
1579419018384 0.8300562 46
