1579419020435 0.27301586 1
1579419020450 0.51299113 2
1579419020464 0.65435123 3
1579419020479 0.64957005 4
1579419020494 0.37823126 5
1579419020509 0.5345108 6
1579419020523 0.37955928 7
1579419020538 0.695743 8
1579419020563 0.37122467 9
1579419020592 0.73783964 10
1579419020628 0.75875884 11
1579419020662 0.7568524 12
1579419020700 0.75762707 13
1579419020726 0.785299 14
1579419020756 0.7846706 15
1579419020778 0.72477335 16
1579419020795 0.6989208 17
1579419020813 0.8269746 18
1579419020830 0.7400072 19
1579419020849 0.78061455 20
1579419020868 0.80066466 21
1579419020887 0.7175043 22
1579419020904 0.41803518 23
1579419020918 0.6567057 24
1579419020933 0.72807246 25
1579419020948 0.80274576 26
1579419020963 0.7144392 27
1579419020978 0.70994776 28
1579419020993 0.45732188 29
1579419021008 0.500314 30
1579419021023 0.6747737 31
1579419021038 0.7961461 32
1579419021055 0.8093831 33
1579419021081 0.8141653 34
1579419021114 0.7098005 35
1579419021149 0.8157606 36
1579419021184 0.83420926 37
1579419021217 0.48927823 38
1579419021244 0.8176454 39
1579419021273 0.7682039 40
1579419021292 0.7831653 41
1579419021315 0.6229163 42
1579419021346 0.8064754 43
1579419021375 0.66860014 44
1579419021406 0.7500355 45
1579419021428 0.7423366 46
