1579419019536 0.18888889 1
1579419019556 0.68781567 2
1579419019573 0.78193074 3
1579419019588 0.852187 4
1579419019603 0.5068092 5
1579419019617 0.72069144 6
1579419019633 0.5557151 7
1579419019650 0.80017185 8
1579419019665 0.4703668 9
1579419019679 0.8695652 10
1579419019694 0.85195094 11
1579419019708 0.74970764 12
1579419019722 0.8820513 13
1579419019736 0.8814016 14
1579419019751 0.87222224 15
1579419019766 0.876849 16
1579419019780 0.68453854 17
1579419019794 0.8617103 18
1579419019808 0.79671246 19
1579419019822 0.7871869 20
1579419019843 0.88868743 21
1579419019870 0.76130176 22
1579419019898 0.5366185 23
1579419019930 0.95617175 24
1579419019957 0.9278986 25
1579419019988 0.8913541 26
1579419020022 0.8796911 27
1579419020056 0.8778345 28
1579419020095 0.5307082 29
1579419020129 0.5380388 30
1579419020163 0.9293844 31
1579419020192 0.8672443 32
1579419020215 0.9123538 33
1579419020233 0.88315076 34
1579419020250 0.87656325 35
1579419020267 0.87509555 36
1579419020282 0.8924033 37
1579419020296 0.55575436 38
1579419020311 0.87964886 39
1579419020325 0.8684812 40
1579419020342 0.860766 41
1579419020359 0.7313194 42
1579419020376 0.8388056 43
1579419020392 0.70224875 44
1579419020406 0.86205715 45
1579419020421 0.75158596 46
