1579419018414 0.59999996 1
1579419018442 0.48982748 2
1579419018473 0.7205882 3
1579419018507 0.59359884 4
1579419018536 0.33581415 5
1579419018577 0.5839611 6
1579419018605 0.29249707 7
1579419018631 0.6431058 8
1579419018656 0.38646165 9
1579419018678 0.647892 10
1579419018701 0.6914204 11
1579419018726 0.79296565 12
1579419018749 0.6688203 13
1579419018775 0.74658805 14
1579419018793 0.72990775 15
1579419018812 0.63413215 16
1579419018843 0.78073734 17
1579419018869 0.79683065 18
1579419018898 0.7505538 19
1579419018928 0.79238033 20
1579419018962 0.74513197 21
1579419018989 0.6820864 22
1579419019017 0.38720155 23
1579419019048 0.5521787 24
1579419019073 0.6568627 25
1579419019092 0.7508192 26
1579419019110 0.6215868 27
1579419019126 0.6371724 28
1579419019143 0.41360247 29
1579419019158 0.4683467 30
1579419019173 0.57691675 31
1579419019204 0.77152735 32
1579419019237 0.7457204 33
1579419019268 0.7718585 34
1579419019295 0.61419755 35
1579419019323 0.77589494 36
1579419019349 0.7916667 37
1579419019381 0.4484127 38
1579419019406 0.76828307 39
1579419019428 0.69574046 40
1579419019446 0.7582378 41
1579419019462 0.5488661 42
1579419019479 0.7845366 43
1579419019494 0.6416457 44
1579419019508 0.67689157 45
1579419019522 0.7346112 46
