1579419827287 0.55617976 1
1579419827305 0.5196629 2
1579419827325 0.7148876 3
1579419827340 0.752809 4
1579419827358 0.7766854 5
1579419827381 0.7752809 6
1579419827398 0.81320226 7
1579419827421 0.7949438 8
1579419827442 0.7752809 9
1579419827461 0.8075843 10
1579419827485 0.8272472 11
1579419827513 0.8244382 12
1579419827542 0.8047753 13
1579419827576 0.7949438 14
1579419827604 0.83146065 15
1579419827636 0.8300562 16
1579419827665 0.8230337 17
1579419827692 0.7205056 18
1579419827725 0.8075843 19
1579419827759 0.83426964 20
1579419827791 0.83567417 21
1579419827829 0.83707863 22
1579419827860 0.78370786 23
1579419827896 0.8328652 24
1579419827917 0.83707863 25
1579419827935 0.83848315 26
1579419827952 0.83567417 27
1579419827970 0.79353935 28
1579419827988 0.78932583 29
1579419828008 0.83146065 30
1579419828040 0.83848315 31
1579419828070 0.83848315 32
1579419828104 0.8398876 33
1579419828132 0.83848315 34
1579419828165 0.81320226 35
1579419828185 0.8426966 36
1579419828213 0.8483146 37
1579419828232 0.8455056 38
1579419828250 0.8300562 39
1579419828269 0.81179774 40
1579419828286 0.8328652 41
1579419828304 0.84129214 42
1579419828322 0.8497191 43
1579419828339 0.8455056 44
1579419828359 0.8455056 45
1579419828382 0.8483146 46
1579419828399 0.81320226 47
1579419828416 0.8019663 48
