1579419830327 0.1988127 1
1579419830342 0.595522 2
1579419830356 0.5330715 3
1579419830373 0.5808488 4
1579419830393 0.6753936 5
1579419830411 0.6370448 6
1579419830429 0.73192 7
1579419830445 0.6996225 8
1579419830460 0.6550882 9
1579419830475 0.75188345 10
1579419830491 0.7633407 11
1579419830509 0.75820655 12
1579419830535 0.724927 13
1579419830562 0.6891706 14
1579419830589 0.76295745 15
1579419830617 0.76369864 16
1579419830640 0.7619897 17
1579419830658 0.57794994 18
1579419830677 0.7085253 19
1579419830695 0.7673611 20
1579419830714 0.76816756 21
1579419830732 0.76815736 22
1579419830748 0.66130173 23
1579419830763 0.76937574 24
1579419830779 0.77585566 25
1579419830794 0.776338 26
1579419830812 0.7734277 27
1579419830829 0.7187573 28
1579419830845 0.6667055 29
1579419830861 0.764305 30
1579419830879 0.7705648 31
1579419830899 0.77048004 32
1579419830918 0.77795833 33
1579419830937 0.783612 34
1579419830953 0.7269405 35
1579419830968 0.77768385 36
1579419830984 0.7834734 37
1579419830998 0.78719616 38
1579419831014 0.75463134 39
1579419831032 0.7350005 40
1579419831047 0.76320565 41
1579419831062 0.7868988 42
1579419831078 0.7900033 43
1579419831093 0.7815634 44
1579419831108 0.7782056 45
1579419831123 0.7877828 46
1579419831138 0.71487546 47
1579419831153 0.7119317 48
