1579419829545 0.453084 1
1579419829563 0.51747966 2
1579419829582 0.75 3
1579419829602 0.83894324 4
1579419829620 0.7725862 5
1579419829638 0.8602438 6
1579419829653 0.8036176 7
1579419829670 0.80678105 8
1579419829685 0.8324926 9
1579419829701 0.78055555 10
1579419829716 0.8010875 11
1579419829731 0.7968466 12
1579419829746 0.7934588 13
1579419829762 0.8303001 14
1579419829779 0.81699944 15
1579419829794 0.8166809 16
1579419829809 0.7799871 17
1579419829824 0.75663 18
1579419829840 0.85751635 19
1579419829855 0.8412037 20
1579419829875 0.8228112 21
1579419829896 0.84443164 22
1579419829913 0.8140541 23
1579419829931 0.8049636 24
1579419829949 0.8251214 25
1579419829965 0.8271526 26
1579419829982 0.8214872 27
1579419829998 0.7635449 28
1579419830014 0.8570406 29
1579419830029 0.8207561 30
1579419830045 0.81668407 31
1579419830063 0.843767 32
1579419830081 0.82630074 33
1579419830096 0.8056627 34
1579419830111 0.83377206 35
1579419830126 0.8345741 36
1579419830141 0.86626065 37
1579419830157 0.84805334 38
1579419830172 0.8390879 39
1579419830188 0.7860627 40
1579419830203 0.84348834 41
1579419830218 0.8242661 42
1579419830234 0.8352518 43
1579419830249 0.8439716 44
1579419830264 0.8521966 45
1579419830279 0.84345496 46
1579419830295 0.83331776 47
1579419830310 0.8106029 48
