1579419828432 0.15857919 1
1579419828448 0.8196721 2
1579419828463 0.42055005 3
1579419828478 0.4469878 4
1579419828492 0.62321246 5
1579419828507 0.54827774 6
1579419828522 0.6720085 7
1579419828537 0.6314243 8
1579419828553 0.59543157 9
1579419828570 0.7357577 10
1579419828587 0.72931266 11
1579419828602 0.72430766 12
1579419828617 0.6767995 13
1579419828633 0.6012397 14
1579419828661 0.71590173 15
1579419828695 0.7185564 16
1579419828728 0.75446427 17
1579419828764 0.56645465 18
1579419828805 0.61601543 19
1579419828837 0.7062092 20
1579419828873 0.7232704 21
1579419828907 0.70975053 22
1579419828937 0.6137041 23
1579419828956 0.7376729 24
1579419828976 0.7329688 25
1579419828994 0.73189855 26
1579419829012 0.7339052 27
1579419829032 0.71523666 28
1579419829059 0.5750054 29
1579419829082 0.71523476 30
1579419829110 0.7319559 31
1579419829137 0.71015406 32
1579419829160 0.7366072 33
1579419829179 0.77108973 34
1579419829196 0.6722126 35
1579419829214 0.73214287 36
1579419829232 0.7167778 37
1579419829250 0.737013 38
1579419829275 0.69319296 39
1579419829305 0.7071162 40
1579419829334 0.70707315 41
1579419829377 0.75334984 42
1579419829416 0.7498064 43
1579419829448 0.7277778 44
1579419829466 0.71609795 45
1579419829486 0.7436274 46
1579419829508 0.66263247 47
1579419829527 0.6746925 48
