1579415150198 0.53932583 1
1579415150218 0.5477528 2
1579415150239 0.5505618 3
1579415150260 0.5421348 4
1579415150281 0.61657304 5
1579415150307 0.64325845 6
1579415150328 0.6797753 7
1579415150349 0.6235955 8
1579415150365 0.6601124 9
1579415150381 0.58567417 10
1579415150396 0.67134833 11
1579415150411 0.6292135 12
1579415150426 0.6292135 13
1579415150439 0.6376405 14
1579415150452 0.58426964 15
1579415150465 0.5969101 16
1579415150478 0.6544944 17
1579415150491 0.622191 18
1579415150505 0.6179775 19
1579415150519 0.6179775 20
1579415150534 0.619382 21
1579415150547 0.5603933 22
1579415150559 0.6179775 23
1579415150572 0.6179775 24
1579415150584 0.6179775 25
1579415150597 0.5702247 26
1579415150609 0.6179775 27
1579415150622 0.5955056 28
1579415150635 0.6179775 29
1579415150647 0.6179775 30
1579415150660 0.6179775 31
1579415150672 0.5533708 32
