1579415151626 0.30235645 1
1579415151639 0.34803548 2
1579415151652 0.4457773 3
1579415151666 0.3941579 4
1579415151679 0.33507526 5
1579415151693 0.4118797 6
1579415151707 0.3616087 7
1579415151721 0.24682903 8
1579415151735 0.25514662 9
1579415151751 0.2704731 10
1579415151767 0.25703436 11
1579415151782 0.33066744 12
1579415151795 0.13765363 13
1579415151808 0.118067056 14
1579415151822 0.15830232 15
1579415151835 0.25639293 16
1579415151848 0.28855273 17
1579415151861 0.034825865 18
1579415151874 0.007407407 19
1579415151888 0.0061728396 20
1579415151901 0.02556022 21
1579415151915 0.08566106 22
1579415151928 0.006060606 23
1579415151941 0.0061728396 24
1579415151954 0.0064102565 25
1579415151968 0.09698997 26
1579415151982 0.0070921984 27
1579415151995 0.08507719 28
1579415152007 0.006666666 29
1579415152020 0.005649717 30
1579415152033 0.0068027205 31
1579415152046 0.08906367 32
