1579415151144 0.25838742 1
1579415151157 0.37815204 2
1579415151171 0.53919387 3
1579415151184 0.52929825 4
1579415151197 0.59884185 5
1579415151210 0.75666326 6
1579415151223 0.83344024 7
1579415151238 0.8561261 8
1579415151255 0.864418 9
1579415151270 0.848433 10
1579415151284 0.9640152 11
1579415151297 0.8809305 12
1579415151310 0.59375 13
1579415151326 0.9166667 14
1579415151346 0.8639097 15
1579415151366 0.8340909 16
1579415151389 0.87685186 17
1579415151410 0.11666667 18
1579415151432 0.16666664 19
1579415151449 0.16666664 20
1579415151465 0.33333328 21
1579415151481 0.058080807 22
1579415151495 0.16666664 23
1579415151508 0.16666664 24
1579415151521 0.16666664 25
1579415151534 0.22885568 26
1579415151547 0.16666664 27
1579415151561 0.21825396 28
1579415151574 0.16666664 29
1579415151587 0.16666664 30
1579415151600 0.16666664 31
1579415151613 0.221393 32
