1579415150686 0.4399586 1
1579415150700 0.37522987 2
1579415150712 0.4884459 3
1579415150725 0.48822007 4
1579415150741 0.32402673 5
1579415150756 0.35823894 6
1579415150769 0.24399291 7
1579415150782 0.23740177 8
1579415150794 0.15127902 9
1579415150808 0.25372204 10
1579415150821 0.149221 11
1579415150833 0.29262766 12
1579415150847 0.08613785 13
1579415150860 0.06317699 14
1579415150873 0.20156223 15
1579415150886 0.2609785 16
1579415150899 0.25651202 17
1579415150912 0.020467836 18
1579415150925 0.003787879 19
1579415150938 0.0031446542 20
1579415150951 0.013446969 21
1579415150967 0.16312057 22
1579415150983 0.0030864198 23
1579415151000 0.0031446542 24
1579415151019 0.003267974 25
1579415151037 0.16993465 26
1579415151053 0.0036231885 27
1579415151073 0.16987179 28
1579415151089 0.0034013605 29
1579415151104 0.0028735632 30
1579415151119 0.0034722222 31
1579415151131 0.17006803 32
