1579398092610 0.40304843 1
1579398092622 0.22793694 2
1579398092635 0.3853085 3
1579398092650 0.4606236 4
1579398092663 0.4416338 5
1579398092676 0.5303531 6
1579398092689 0.5143702 7
1579398092701 0.5605059 8
1579398092714 0.38494205 9
1579398092726 0.37889585 10
1579398092739 0.344071 11
1579398092751 0.42280957 12
1579398092766 0.30266723 13
1579398092780 0.24496783 14
1579398092793 0.2591671 15
1579398092806 0.37034932 16
1579398092818 0.3424681 17
1579398092831 0.2816481 18
1579398092844 0.5057406 19
1579398092857 0.2168147 20
1579398092870 0.32335103 21
