1579398092345 0.3334 1
1579398092357 0.6994949 2
1579398092370 0.4246587 3
1579398092383 0.48380554 4
1579398092395 0.45361838 5
1579398092407 0.49153438 6
1579398092419 0.51231426 7
1579398092431 0.474136 8
1579398092443 0.46796045 9
1579398092455 0.46769658 10
1579398092467 0.4932909 11
1579398092480 0.5385144 12
1579398092495 0.50742835 13
1579398092507 0.5455267 14
1579398092520 0.4951309 15
1579398092532 0.52949476 16
1579398092546 0.6904762 17
1579398092558 0.7755086 18
1579398092570 0.50234973 19
1579398092582 0.32398754 20
1579398092594 0.52092105 21
