1579398092072 0.50948185 1
1579398092085 0.32793227 2
1579398092100 0.40058377 3
1579398092112 0.44414452 4
1579398092124 0.54338604 5
1579398092137 0.602413 6
1579398092149 0.55901587 7
1579398092161 0.69840664 8
1579398092173 0.3613465 9
1579398092185 0.32594374 10
1579398092197 0.26668796 11
1579398092210 0.35045433 12
1579398092221 0.23237328 13
1579398092233 0.17072529 14
1579398092245 0.35111633 15
1579398092261 0.4247847 16
1579398092277 0.36435464 17
1579398092292 0.3690796 18
1579398092306 0.6146612 19
1579398092319 0.33487654 20
1579398092333 0.29061422 21
