1579415139504 0.5224719 1
1579415139517 0.59129214 2
1579415139530 0.46207866 3
1579415139543 0.5238764 4
1579415139559 0.53792137 5
1579415139577 0.58848315 6
1579415139598 0.6348315 7
1579415139616 0.56179774 8
1579415139635 0.55898875 9
1579415139654 0.63342696 10
1579415139673 0.60674155 11
1579415139693 0.69382024 12
1579415139715 0.69382024 13
1579415139735 0.68398875 14
1579415139751 0.6853933 15
1579415139766 0.6530899 16
1579415139782 0.68117976 17
1579415139797 0.61657304 18
1579415139811 0.6671348 19
1579415139824 0.6516854 20
1579415139836 0.65870786 21
