1579415140416 0.39686012 1
1579415140428 0.19279277 2
1579415140442 0.36517945 3
1579415140455 0.48674524 4
1579415140468 0.3889104 5
1579415140480 0.5565136 6
1579415140493 0.5208414 7
1579415140506 0.42654514 8
1579415140520 0.32175007 9
1579415140533 0.48332587 10
1579415140547 0.4637587 11
1579415140560 0.5376898 12
1579415140573 0.44575813 13
1579415140587 0.5452468 14
1579415140600 0.40950212 15
1579415140613 0.5250637 16
1579415140626 0.5365338 17
1579415140639 0.4301417 18
1579415140652 0.29145017 19
1579415140665 0.23543851 20
1579415140679 0.21858901 21
