1579415140126 0.28638604 1
1579415140139 0.25490198 2
1579415140152 0.34147277 3
1579415140164 0.44160208 4
1579415140178 0.47925925 5
1579415140193 0.50673443 6
1579415140209 0.6802375 7
1579415140226 0.51840955 8
1579415140242 0.63295984 9
1579415140255 0.56401736 10
1579415140272 0.7629919 11
1579415140287 0.673491 12
1579415140299 0.7290013 13
1579415140312 0.67853117 14
1579415140325 0.76625365 15
1579415140338 0.6712912 16
1579415140350 0.6680799 17
1579415140364 0.57391846 18
1579415140377 0.84999996 19
1579415140390 0.7465787 20
1579415140403 0.9015152 21
