1579415139850 0.647541 1
1579415139863 0.1631783 2
1579415139877 0.40673223 3
1579415139891 0.63495094 4
1579415139904 0.43191722 5
1579415139917 0.68349034 6
1579415139929 0.50688404 7
1579415139942 0.5314699 8
1579415139955 0.34974214 9
1579415139968 0.5767121 10
1579415139981 0.4473212 11
1579415139993 0.50732094 12
1579415140006 0.37719867 13
1579415140018 0.5554164 14
1579415140031 0.33831966 15
1579415140044 0.57261086 16
1579415140061 0.5188358 17
1579415140075 0.512103 18
1579415140088 0.17810458 19
1579415140101 0.1411405 20
1579415140113 0.12527233 21
