1605143882322 0.6025280898876404 1
1605143882342 0.6320224719101124 2
1605143882361 0.6601123595505618 3
1605143882384 0.6671348314606742 4
1605143882406 0.6615168539325843 5
1605143882427 0.6643258426966292 6
1605143882449 0.6601123595505618 7
1605143882469 0.6671348314606742 8
1605143882490 0.6643258426966292 9
1605143882512 0.675561797752809 10
1605143882532 0.6629213483146067 11
1605143882550 0.6657303370786517 12
1605143882571 0.6629213483146067 13
1605143882591 0.6811797752808989 14
1605143882608 0.675561797752809 15
1605143882627 0.672752808988764 16
1605143882645 0.6657303370786517 17
1605143882662 0.6811797752808989 18
1605143882680 0.6867977528089888 19
1605143882703 0.6896067415730337 20
1605143882728 0.6853932584269663 21
1605143882745 0.6938202247191011 22
1605143882762 0.6825842696629213 23
1605143882780 0.7148876404494382 24
1605143882798 0.7078651685393258 25
1605143882816 0.7036516853932584 26
1605143882834 0.7078651685393258 27
1605143882851 0.7162921348314607 28
1605143882868 0.7247191011235955 29
1605143882885 0.7078651685393258 30
1605143882903 0.7205056179775281 31
1605143882919 0.7219101123595506 32
1605143882937 0.7176966292134831 33
1605143882956 0.7331460674157303 34
1605143882975 0.7345505617977528 35
1605143882992 0.7303370786516854 36
1605143883008 0.7247191011235955 37
1605143883023 0.7457865168539326 38
1605143883038 0.7387640449438202 39
1605143883054 0.7373595505617978 40
1605143883073 0.7387640449438202 41
1605143883087 0.7429775280898876 42
1605143883102 0.7598314606741573 43
1605143883119 0.7457865168539326 44
1605143883137 0.7485955056179775 45
1605143883157 0.7415730337078652 46
1605143883176 0.7443820224719101 47
1605143883195 0.7542134831460674 48
1605143883212 0.7626404494382022 49
1605143883228 0.75 50
