1605143884990 0.488085845882973 1
1605143885007 0.45012608137023585 2
1605143885024 0.4455529324124368 3
1605143885042 0.4043235095699182 4
1605143885062 0.33869222409269784 5
1605143885087 0.32984424173162225 6
1605143885105 0.294172825438253 7
1605143885122 0.29386930988076027 8
1605143885140 0.29761204592297585 9
1605143885157 0.3230201079604331 10
1605143885174 0.2778349110249723 11
1605143885193 0.28051508209678566 12
1605143885210 0.2794069600908944 13
1605143885227 0.3320311475335882 14
1605143885247 0.3127383141035444 15
1605143885269 0.30188546086964985 16
1605143885286 0.2844993652922384 17
1605143885303 0.34924911247210555 18
1605143885320 0.3519951751392879 19
1605143885337 0.382780281345496 20
1605143885354 0.35454949200823066 21
1605143885372 0.39180434888668275 22
1605143885390 0.36476535475655886 23
1605143885410 0.4502241912852512 24
1605143885428 0.43118142144063887 25
1605143885445 0.4244651794433594 26
1605143885462 0.4471270100454266 27
1605143885480 0.4714399405409781 28
1605143885497 0.4899377956818999 29
1605143885515 0.4425128363491444 30
1605143885535 0.4861916290240341 31
1605143885555 0.4940966833173559 32
1605143885573 0.4892966372243474 33
1605143885592 0.5061011662643947 34
1605143885610 0.5302612218963966 35
1605143885628 0.5210464489593934 36
1605143885647 0.5014011377698919 37
1605143885669 0.537339497818036 38
1605143885690 0.5450240815623423 39
1605143885712 0.5344268029995178 40
1605143885732 0.5322419445166428 41
1605143885752 0.5440659901399291 42
1605143885772 0.5907860773333004 43
1605143885793 0.556232878331388 44
1605143885812 0.5633868488033166 45
1605143885832 0.5558551884769054 46
1605143885851 0.5767853661869349 47
1605143885878 0.5826834031705106 48
1605143885898 0.5932648449801328 49
1605143885917 0.5561078773455673 50
