1605143884123 0.4836946578508013 1
1605143884139 0.5333420399869426 2
1605143884156 0.6078394745173079 3
1605143884174 0.6339273801010646 4
1605143884192 0.6592860369200118 5
1605143884212 0.6984321642457769 6
1605143884231 0.6823256712281303 7
1605143884248 0.7934011020017474 8
1605143884265 0.7117888405081931 9
1605143884282 0.8076689899637458 10
1605143884300 0.7646870050537452 11
1605143884322 0.7851841074697087 12
1605143884340 0.8032686254951391 13
1605143884357 0.7982878537660234 14
1605143884374 0.8170144464192766 15
1605143884391 0.8302835828802558 16
1605143884408 0.7339040496376124 17
1605143884425 0.8037617809317085 18
1605143884456 0.8476903880580088 19
1605143884477 0.8022471907433499 20
1605143884497 0.8239700378996603 21
1605143884512 0.8029057149137004 22
1605143884527 0.7637952579541153 23
1605143884541 0.8290483656893955 24
1605143884554 0.8134075711282451 25
1605143884568 0.829028649276562 26
1605143884584 0.8153881115859813 27
1605143884600 0.8222092497214842 28
1605143884617 0.8298411958673028 29
1605143884634 0.8206637414653649 30
1605143884650 0.822249668367793 31
1605143884667 0.8114873961116491 32
1605143884683 0.7756206480304847 33
1605143884700 0.8269462639026428 34
1605143884716 0.8170144410615556 35
1605143884734 0.7976622621664841 36
1605143884750 0.8008106799607866 37
1605143884767 0.8731204043613391 38
1605143884784 0.8267385544401876 39
1605143884800 0.8289020677630821 40
1605143884817 0.823088276252318 41
1605143884834 0.8407866753888934 42
1605143884852 0.8573719772060265 43
1605143884869 0.8121272901470742 44
1605143884886 0.8353459326069007 45
1605143884902 0.8087824757179517 46
1605143884920 0.7932398546947522 47
1605143884938 0.8339483282539282 48
1605143884955 0.821378670381696 49
1605143884972 0.8265025910366787 50
