1605143883245 0.5083913213751289 1
1605143883261 0.4028989769769519 2
1605143883277 0.3609287631645631 3
1605143883293 0.29967958873577333 4
1605143883308 0.2355101831843344 5
1605143883324 0.22116570459322982 6
1605143883341 0.18901401423336414 7
1605143883357 0.1858487119165699 8
1605143883382 0.19461273443832827 9
1605143883405 0.2063179826468564 10
1605143883422 0.17121812533796504 11
1605143883439 0.17651189378138338 12
1605143883456 0.1761159776301866 13
1605143883473 0.21599757436955913 14
1605143883490 0.19818413659427944 15
1605143883506 0.1887261438905523 16
1605143883524 0.18331432041157497 17
1605143883541 0.2277526751662908 18
1605143883558 0.22668280444118413 19
1605143883577 0.25988915160800635 20
1605143883595 0.23142102126325115 21
1605143883611 0.2643710127037563 22
1605143883629 0.2440517216585995 23
1605143883646 0.31507995088448687 24
1605143883662 0.3007508496220192 25
1605143883679 0.2890924446368485 26
1605143883695 0.3123067162010107 27
1605143883712 0.33630097263984465 28
1605143883732 0.35406739524241243 29
1605143883750 0.30996091044350954 30
1605143883768 0.35259183169750685 31
1605143883788 0.36249425990527934 32
1605143883806 0.3616379445858216 33
1605143883826 0.3736763469288858 34
1605143883846 0.39543879534421345 35
1605143883864 0.3918328954932395 36
1605143883882 0.3736077788170804 37
1605143883899 0.3974013629924045 38
1605143883917 0.41515174976895364 39
1605143883933 0.4014248496360993 40
1605143883950 0.39869547727402677 41
1605143883967 0.4089076031794709 42
1605143883984 0.4566983386371913 43
1605143884000 0.4306711855899082 44
1605143884017 0.42695060204923824 45
1605143884035 0.43248840128437854 46
1605143884052 0.4587899309195829 47
1605143884070 0.4532657868406746 48
1605143884088 0.4701681806800071 49
1605143884105 0.4300438862168387 50
