1579418984516 0.46910113 1
1579418984542 0.45786518 2
1579418984567 0.38904494 3
1579418984592 0.56179774 4
1579418984615 0.73174155 5
1579418984642 0.7331461 6
1579418984665 0.7331461 7
1579418984682 0.7331461 8
1579418984699 0.7485955 9
1579418984715 0.78089887 10
1579418984731 0.7738764 11
1579418984746 0.7766854 12
1579418984761 0.7766854 13
1579418984775 0.78651685 14
1579418984789 0.8075843 15
1579418984803 0.78932583 16
1579418984816 0.7977528 17
1579418984830 0.81320226 18
1579418984849 0.80898875 19
1579418984866 0.7949438 20
1579418984882 0.7429775 21
1579418984897 0.7780899 22
1579418984911 0.81601125 23
1579418984925 0.8075843 24
1579418984939 0.7851124 25
1579418984954 0.7949438 26
1579418984968 0.8047753 27
1579418984983 0.76825845 28
