1579418985885 0.2787136 1
1579418985900 0.2756508 2
1579418985914 0.50427985 3
1579418985928 0.5477029 4
1579418985943 0.54887533 5
1579418985958 0.53156585 6
1579418985972 0.53247786 7
1579418985986 0.5158341 8
1579418986000 0.5939999 9
1579418986015 0.6533438 10
1579418986030 0.63311046 11
1579418986047 0.6519867 12
1579418986066 0.61589473 13
1579418986084 0.6883343 14
1579418986099 0.70652574 15
1579418986113 0.64133084 16
1579418986128 0.71589035 17
1579418986142 0.7417443 18
1579418986157 0.73861635 19
1579418986172 0.70494235 20
1579418986186 0.59810233 21
1579418986201 0.6665201 22
1579418986215 0.7294346 23
1579418986230 0.7301007 24
1579418986245 0.6859649 25
1579418986259 0.69762015 26
1579418986273 0.7169242 27
1579418986288 0.6598427 28
