1579418985404 0.19402985 1
1579418985418 0.19027483 2
1579418985432 0.3709558 3
1579418985447 0.51866484 4
1579418985462 0.78494287 5
1579418985476 0.79684603 6
1579418985490 0.8039627 7
1579418985504 0.83606553 8
1579418985519 0.77002925 9
1579418985535 0.82741416 10
1579418985552 0.819222 11
1579418985569 0.8236052 12
1579418985585 0.7918471 13
1579418985599 0.7688786 14
1579418985618 0.79913795 15
1579418985640 0.7964481 16
1579418985665 0.79054165 17
1579418985693 0.7769278 18
1579418985716 0.7946583 19
1579418985739 0.8153595 20
1579418985757 0.7729167 21
1579418985775 0.8271242 22
1579418985792 0.7807771 23
1579418985810 0.7936373 24
1579418985827 0.7930645 25
1579418985841 0.8425883 26
1579418985856 0.79038465 27
1579418985871 0.73410577 28
