1579418984998 0.49456522 1
1579418985012 0.5 2
1579418985028 0.7977551 3
1579418985045 0.6159705 4
1579418985061 0.42307693 5
1579418985075 0.39881575 6
1579418985090 0.44189668 7
1579418985104 0.44919354 8
1579418985119 0.524785 9
1579418985132 0.5714286 10
1579418985146 0.5551002 11
1579418985160 0.58558255 12
1579418985174 0.54100513 13
1579418985188 0.6417726 14
1579418985202 0.6428572 15
1579418985216 0.57443833 16
1579418985231 0.6641066 17
1579418985247 0.7096795 18
1579418985262 0.6980287 19
1579418985276 0.6414286 20
1579418985290 0.5294431 21
1579418985303 0.5825137 22
1579418985317 0.6845238 23
1579418985331 0.6823963 24
1579418985346 0.6215849 25
1579418985361 0.6173566 26
1579418985376 0.6617477 27
1579418985390 0.6314622 28
