1579398062792 0.538 1
1579398062804 0.52 2
1579398062816 0.532 3
1579398062828 0.51 4
1579398062840 0.519 5
1579398062855 0.477 6
1579398062873 0.529 7
1579398062892 0.476 8
1579398062910 0.498 9
1579398062928 0.494 10
1579398062946 0.533 11
1579398062968 0.539 12
1579398062987 0.503 13
1579398063002 0.502 14
1579398063016 0.508 15
1579398063030 0.505 16
1579398063044 0.513 17
1579398063056 0.496 18
1579398063068 0.522 19
1579398063080 0.476 20
1579398063092 0.48 21
1579398063103 0.489 22
1579398063115 0.524 23
1579398063130 0.491 24
1579398063142 0.523 25
1579398063154 0.524 26
1579398063166 0.482 27
1579398063178 0.524 28
1579398063190 0.522 29
1579398063202 0.524 30
1579398063213 0.523 31
1579398063225 0.49 32
1579398063237 0.511 33
1579398063249 0.529 34
1579398063261 0.522 35
1579398063274 0.537 36
1579398063286 0.482 37
1579398063298 0.468 38
1579398063310 0.49 39
1579398063322 0.512 40
1579398063334 0.527 41
1579398063345 0.496 42
1579398063357 0.518 43
1579398063369 0.528 44
1579398063381 0.484 45
1579398063393 0.523 46
1579398063405 0.471 47
1579398063417 0.475 48
1579398063429 0.483 49
1579398063441 0.486 50
