1579398064778 0.32308966 1
1579398064790 0.3434844 2
1579398064803 0.5303631 3
1579398064817 0.4962719 4
1579398064830 0.6992607 5
1579398064843 0.4653483 6
1579398064856 0.5620885 7
1579398064868 0.50895244 8
1579398064881 0.60727704 9
1579398064893 0.33280957 10
1579398064906 0.40393215 11
1579398064919 0.3715963 12
1579398064931 0.3332383 13
1579398064944 0.31437853 14
1579398064956 0.3663091 15
1579398064969 0.31234464 16
1579398064981 0.31781042 17
1579398064993 0.3109656 18
1579398065006 0.654847 19
1579398065018 0.30854046 20
1579398065031 0.06012145 21
1579398065043 0.37025836 22
1579398065056 0.6691942 23
1579398065068 0.37390572 24
1579398065081 0.73093957 25
1579398065094 0.66334003 26
1579398065106 0.3524843 27
1579398065118 0.70197856 28
1579398065131 0.3437278 29
1579398065148 0.6858483 30
1579398065163 0.6744678 31
1579398065176 0.37140292 32
1579398065189 0.34139398 33
1579398065202 0.34533897 34
1579398065214 0.7063687 35
1579398065227 0.34742773 36
1579398065239 0.34244558 37
1579398065252 0.30212548 38
1579398065265 0.36935815 39
1579398065277 0.34161928 40
1579398065290 0.37265408 41
1579398065302 0.3865546 42
1579398065315 0.3430191 43
1579398065327 0.34533894 44
1579398065340 0.3523295 45
1579398065353 0.66309595 46
1579398065365 0.31083477 47
1579398065378 0.32385454 48
1579398065391 0.34848982 49
1579398065404 0.3596491 50
