1579398064142 0.27126917 1
1579398064158 0.26159656 2
1579398064173 0.48674366 3
1579398064187 0.591454 4
1579398064199 0.5610991 5
1579398064211 0.49286178 6
1579398064224 0.56724805 7
1579398064236 0.5133226 8
1579398064249 0.57641405 9
1579398064261 0.7562814 10
1579398064273 0.76541096 11
1579398064285 0.51765376 12
1579398064297 0.7587412 13
1579398064309 0.25903615 14
1579398064321 0.7594278 15
1579398064334 0.2596419 16
1579398064347 0.26283783 17
1579398064360 0.25641027 18
1579398064372 0.5205502 19
1579398064384 0.527451 20
1579398064397 0.6458334 21
1579398064409 0.63378996 22
1579398064421 0.50322497 23
1579398064433 0.6697108 24
1579398064445 0.57866 25
1579398064457 0.4969156 26
1579398064469 0.57277393 27
1579398064482 0.5410811 28
1579398064495 0.26216215 29
1579398064507 0.52217877 30
1579398064519 0.50927806 31
1579398064532 0.6626712 32
1579398064544 0.25917926 33
1579398064556 0.2640389 34
1579398064568 0.5505663 35
1579398064580 0.2661987 36
1579398064593 0.74657536 37
1579398064605 0.7123288 38
1579398064617 0.7876712 39
1579398064629 0.25943905 40
1579398064646 0.7632146 41
1579398064661 0.31506848 42
1579398064675 0.26105717 43
1579398064688 0.26375404 44
1579398064700 0.7671233 45
1579398064712 0.49663076 46
1579398064725 0.7191781 47
1579398064738 0.7328767 48
1579398064752 0.76027393 49
1579398064765 0.28082192 50
