1579398063453 0.399384 1
1579398063464 0.5 2
1579398063476 0.63809526 3
1579398063488 0.57515264 4
1579398063500 0.92809355 5
1579398063512 0.5759368 6
1579398063524 0.5590191 7
1579398063536 0.6167355 8
1579398063548 0.6417713 9
1579398063560 0.3417797 10
1579398063572 0.5051305 11
1579398063585 0.4952785 12
1579398063599 0.39552277 13
1579398063611 0.3997934 14
1579398063624 0.43804348 15
1579398063646 0.3918919 16
1579398063661 0.4018595 17
1579398063676 0.39501038 18
1579398063691 0.8898343 19
1579398063703 0.38866645 20
1579398063715 0.03217106 21
1579398063727 0.5113636 22
1579398063739 1.0 23
1579398063751 0.5072614 24
1579398063763 1.0 25
1579398063775 1.0 26
1579398063787 0.5051546 27
1579398063799 1.0 28
1579398063811 0.4989712 29
1579398063823 0.9989691 30
1579398063835 0.9989733 31
1579398063847 0.5031185 32
1579398063859 0.5 33
1579398063871 0.4989796 34
1579398063883 0.9883721 35
1579398063895 0.5 36
1579398063907 0.50616014 37
1579398063919 0.5020325 38
1579398063931 0.502079 39
1579398063943 0.5 40
1579398063955 0.51428574 41
1579398063973 0.5 42
1579398063991 0.5 43
1579398064012 0.5 44
1579398064033 0.50206614 45
1579398064054 1.0 46
1579398064075 0.503055 47
1579398064095 0.5030675 48
1579398064111 0.50309277 49
1579398064125 0.5 50
