1579418953734 0.49578652 1
1579418953748 0.6081461 2
1579418953761 0.7050562 3
1579418953775 0.72893256 4
1579418953789 0.7401685 5
1579418953803 0.7977528 6
1579418953818 0.7668539 7
1579418953837 0.7823034 8
1579418953856 0.73174155 9
1579418953875 0.7752809 10
1579418953894 0.81179774 11
1579418953912 0.8103933 12
1579418953933 0.78932583 13
1579418953952 0.7429775 14
1579418953970 0.8146067 15
1579418953989 0.8033708 16
1579418954008 0.8075843 17
1579418954026 0.80898875 18
1579418954045 0.8103933 19
1579418954063 0.76123595 20
1579418954081 0.7766854 21
1579418954100 0.7949438 22
1579418954119 0.81179774 23
1579418954136 0.8230337 24
