1579418954954 0.32040322 1
1579418954971 0.4002164 2
1579418954989 0.44181356 3
1579418955009 0.55288947 4
1579418955027 0.55920136 5
1579418955044 0.6851116 6
1579418955062 0.656796 7
1579418955080 0.66110677 8
1579418955099 0.60066986 9
1579418955118 0.6430849 10
1579418955135 0.71941906 11
1579418955152 0.7021033 12
1579418955169 0.69555855 13
1579418955186 0.57014036 14
1579418955204 0.73167706 15
1579418955221 0.7056367 16
1579418955238 0.7340525 17
1579418955253 0.7194525 18
1579418955270 0.7169836 19
1579418955286 0.6265194 20
1579418955300 0.6443003 21
1579418955315 0.6848922 22
1579418955331 0.7333025 23
1579418955347 0.7349461 24
