1579418954516 0.22899894 1
1579418954531 0.58706176 2
1579418954545 0.8184174 3
1579418954559 0.7646917 4
1579418954573 0.7633333 5
1579418954588 0.83320254 6
1579418954603 0.781783 7
1579418954621 0.8131944 8
1579418954641 0.7881248 9
1579418954660 0.8566667 10
1579418954678 0.8490788 11
1579418954700 0.81917703 12
1579418954719 0.7760128 13
1579418954741 0.8210142 14
1579418954760 0.8355895 15
1579418954779 0.8397002 16
1579418954799 0.7983126 17
1579418954822 0.8160019 18
1579418954843 0.80130637 19
1579418954863 0.79888237 20
1579418954880 0.83141935 21
1579418954900 0.81622535 22
1579418954918 0.81259096 23
1579418954937 0.8469508 24
