1579418954155 0.54814816 1
1579418954173 0.40206766 2
1579418954192 0.3253586 3
1579418954210 0.4601856 4
1579418954227 0.48428717 5
1579418954245 0.6089986 6
1579418954263 0.6233338 7
1579418954279 0.5756589 8
1579418954293 0.56096464 9
1579418954308 0.5575173 10
1579418954322 0.63236076 11
1579418954336 0.643885 12
1579418954350 0.64903766 13
1579418954363 0.48191953 14
1579418954377 0.6635538 15
1579418954391 0.62336165 16
1579418954405 0.685001 17
1579418954419 0.65868646 18
1579418954433 0.6738188 19
1579418954447 0.5541228 20
1579418954460 0.54623777 21
1579418954474 0.6214857 22
1579418954488 0.67295074 23
1579418954502 0.65975744 24
