1579398129272 0.49 1
1579398129297 0.487 2
1579398129320 0.493 3
1579398129339 0.491 4
1579398129354 0.503 5
1579398129370 0.507 6
1579398129386 0.519 7
1579398129411 0.495 8
1579398129430 0.509 9
1579398129454 0.505 10
1579398129475 0.481 11
1579398129499 0.504 12
1579398129521 0.511 13
1579398129538 0.517 14
1579398129553 0.515 15
1579398129567 0.518 16
1579398129582 0.497 17
1579398129595 0.509 18
1579398129607 0.515 19
1579398129619 0.474 20
1579398129631 0.489 21
1579398129644 0.514 22
1579398129656 0.543 23
1579398129668 0.499 24
1579398129681 0.495 25
1579398129693 0.52 26
1579398129705 0.557 27
1579398129717 0.514 28
1579398129729 0.531 29
1579398129741 0.537 30
1579398129753 0.507 31
1579398129767 0.556 32
1579398129782 0.543 33
1579398129797 0.468 34
1579398129809 0.48 35
1579398129821 0.517 36
1579398129833 0.527 37
1579398129846 0.452 38
1579398129858 0.528 39
1579398129870 0.501 40
1579398129883 0.507 41
1579398129895 0.528 42
1579398129908 0.538 43
