1579398131109 0.4922624 1
1579398131122 0.32621357 2
1579398131135 0.0446239 3
1579398131148 0.26113337 4
1579398131161 0.5086538 5
1579398131173 0.4896374 6
1579398131186 0.49772322 7
1579398131200 0.54827756 8
1579398131213 0.6335169 9
1579398131225 0.5413983 10
1579398131238 0.4727993 11
1579398131252 0.5108049 12
1579398131264 0.52408314 13
1579398131277 0.6509563 14
1579398131290 0.5477695 15
1579398131303 0.43623713 16
1579398131315 0.5159078 17
1579398131328 0.5415298 18
1579398131341 0.53153634 19
1579398131354 0.37417918 20
1579398131368 0.50612134 21
1579398131380 0.65351284 22
1579398131393 0.6587564 23
1579398131405 0.43934354 24
1579398131418 0.5042074 25
1579398131430 0.6611748 26
1579398131443 0.6678915 27
1579398131458 0.47231382 28
1579398131474 0.6485989 29
1579398131490 0.62917745 30
1579398131504 0.45073113 31
1579398131518 0.65583205 32
1579398131530 0.63236403 33
1579398131543 0.3778859 34
1579398131556 0.009063439 35
1579398131569 0.66471756 36
1579398131582 0.6199095 37
1579398131595 0.29729727 38
1579398131608 0.6765736 39
1579398131621 0.6118263 40
1579398131633 0.67024803 41
1579398131646 0.6552202 42
1579398131659 0.6091815 43
