1579398130480 0.5234804 1
1579398130493 0.24778761 2
1579398130506 0.53246754 3
1579398130525 0.49874392 4
1579398130544 0.50908405 5
1579398130564 0.5112021 6
1579398130585 0.536497 7
1579398130610 0.511367 8
1579398130636 0.5046283 9
1579398130653 0.5129838 10
1579398130668 0.48962015 11
1579398130684 0.5142523 12
1579398130699 0.5350683 13
1579398130712 0.5094169 14
1579398130724 0.5223453 15
1579398130737 0.53452384 16
1579398130751 0.49414337 17
1579398130764 0.5080071 18
1579398130776 0.55971617 19
1579398130789 0.44834238 20
1579398130802 0.5055885 21
1579398130814 0.5170051 22
1579398130827 0.5343002 23
1579398130839 0.5733606 24
1579398130852 0.5253427 25
1579398130865 0.51961446 26
1579398130878 0.5359782 27
1579398130891 0.53296685 28
1579398130903 0.5269256 29
1579398130916 0.5311541 30
1579398130928 0.50679404 31
1579398130943 0.54126215 32
1579398130959 0.5319953 33
1579398130975 0.49820077 34
1579398130990 0.1 35
1579398131002 0.5158607 36
1579398131014 0.51159406 37
1579398131026 0.2321101 38
1579398131039 0.52176476 39
1579398131053 0.50556815 40
1579398131068 0.504899 41
1579398131084 0.51962316 42
1579398131097 0.53779835 43
