1579398129920 0.6257225 1
1579398129932 0.47727272 2
1579398129948 0.023461167 3
1579398129963 0.18648314 4
1579398129975 0.51577044 5
1579398129989 0.47434562 6
1579398130001 0.46417826 7
1579398130016 0.62458926 8
1579398130029 0.85098326 9
1579398130041 0.61615264 10
1579398130053 0.49430433 11
1579398130066 0.51275605 12
1579398130078 0.5245681 13
1579398130091 0.90184593 14
1579398130104 0.63069195 15
1579398130116 0.5144588 16
1579398130129 0.58176774 17
1579398130141 0.63330984 18
1579398130154 0.6045272 19
1579398130166 0.4786491 20
1579398130178 0.6216196 21
1579398130191 0.89006704 22
1579398130203 0.85929763 23
1579398130216 0.54222053 24
1579398130228 0.61128086 25
1579398130241 0.914212 26
1579398130253 0.885993 27
1579398130267 0.5722699 28
1579398130283 0.8457587 29
1579398130295 0.7996093 30
1579398130308 0.5471402 31
1579398130320 0.8329609 32
1579398130333 0.78901345 33
1579398130345 0.5346821 34
1579398130357 0.004746835 35
1579398130369 0.9357023 36
1579398130382 0.80039155 37
1579398130395 0.41339868 38
1579398130408 0.963271 39
1579398130421 0.810089 40
1579398130433 0.99701494 41
1579398130450 0.8965585 42
1579398130465 0.71395355 43
