1579415185673 0.375 1
1579415185693 0.4016854 2
1579415185712 0.4213483 3
1579415185734 0.61095506 4
1579415185756 0.68679774 5
1579415185778 0.7022472 6
1579415185794 0.7373595 7
1579415185809 0.6516854 8
1579415185828 0.7738764 9
1579415185848 0.755618 10
1579415185872 0.7724719 11
1579415185893 0.75 12
1579415185914 0.76123595 13
1579415185932 0.7766854 14
1579415185948 0.7485955 15
1579415185963 0.78089887 16
1579415185978 0.7949438 17
1579415185991 0.73595506 18
1579415186004 0.7780899 19
1579415186017 0.77106744 20
1579415186030 0.7766854 21
1579415186043 0.74157304 22
1579415186056 0.7949438 23
1579415186070 0.8033708 24
1579415186084 0.7977528 25
1579415186098 0.7977528 26
1579415186111 0.7991573 27
1579415186124 0.7233146 28
1579415186137 0.74157304 29
1579415186149 0.7991573 30
1579415186162 0.7794944 31
1579415186175 0.7331461 32
1579415186188 0.7542135 33
1579415186201 0.8033708 34
1579415186214 0.70646065 35
1579415186227 0.7977528 36
1579415186240 0.7542135 37
1579415186253 0.79634833 38
