1579415187349 0.25681815 1
1579415187364 0.44526833 2
1579415187380 0.50666666 3
1579415187396 0.38993326 4
1579415187410 0.49197704 5
1579415187423 0.3055028 6
1579415187436 0.57203066 7
1579415187450 0.5705882 8
1579415187463 0.7199342 9
1579415187476 0.6226734 10
1579415187490 0.6368243 11
1579415187504 0.68842006 12
1579415187518 0.61691415 13
1579415187531 0.66867685 14
1579415187544 0.6388551 15
1579415187558 0.5849766 16
1579415187571 0.68958324 17
1579415187585 0.5682 18
1579415187598 0.6973895 19
1579415187611 0.734728 20
1579415187624 0.5880758 21
1579415187637 0.5610876 22
1579415187650 0.68720925 23
1579415187664 0.73017013 24
1579415187677 0.74999994 25
1579415187690 0.71196747 26
1579415187706 0.55039 27
1579415187722 0.57803607 28
1579415187738 0.66318923 29
1579415187752 0.53710806 30
1579415187765 0.699095 31
1579415187778 0.5700319 32
1579415187792 0.67389214 33
1579415187806 0.74385905 34
1579415187819 0.6306872 35
1579415187833 0.6380118 36
1579415187846 0.6371536 37
1579415187861 0.755236 38
