1579415186767 0.18108974 1
1579415186780 0.69309837 2
1579415186793 0.40652853 3
1579415186807 0.5257143 4
1579415186820 0.8049759 5
1579415186834 0.30961537 6
1579415186847 0.8657143 7
1579415186862 0.7639225 8
1579415186880 0.8306595 9
1579415186894 0.7890095 10
1579415186907 0.7571429 11
1579415186922 0.78084576 12
1579415186944 0.7814516 13
1579415186969 0.8582996 14
1579415186994 0.81901836 15
1579415187016 0.6678862 16
1579415187038 0.6998942 17
1579415187058 0.77016807 18
1579415187073 0.7180851 19
1579415187089 0.8198423 20
1579415187105 0.8409091 21
1579415187120 0.9782609 22
1579415187133 0.86649406 23
1579415187147 0.78174275 24
1579415187160 0.87603307 25
1579415187173 0.813354 26
1579415187187 0.6930314 27
1579415187201 0.60252106 28
1579415187214 0.8562063 29
1579415187228 0.70881975 30
1579415187242 0.74673915 31
1579415187255 0.7709235 32
1579415187268 0.82511735 33
1579415187282 0.89041096 34
1579415187295 0.7913165 35
1579415187309 0.71282053 36
1579415187322 0.9160584 37
1579415187336 0.75152874 38
