1579415186265 0.44140625 1
1579415186278 0.6 2
1579415186291 0.70784175 3
1579415186304 0.31406844 4
1579415186316 0.3596154 5
1579415186330 0.30149812 6
1579415186346 0.43846154 7
1579415186362 0.57490635 8
1579415186378 0.6552741 9
1579415186393 0.52692306 10
1579415186406 0.55050504 11
1579415186419 0.670977 12
1579415186431 0.51079965 13
1579415186444 0.5763566 14
1579415186457 0.5954373 15
1579415186470 0.52900946 16
1579415186483 0.6899723 17
1579415186496 0.4615385 18
1579415186509 0.6788973 19
1579415186522 0.66602314 20
1579415186535 0.537594 21
1579415186547 0.39521167 22
1579415186560 0.5694444 23
1579415186573 0.6858238 24
1579415186585 0.66551006 25
1579415186598 0.6365019 26
1579415186611 0.46525097 27
1579415186624 0.5950472 28
1579415186636 0.5865718 29
1579415186649 0.47664142 30
1579415186664 0.657197 31
1579415186676 0.49324322 32
1579415186689 0.5810811 33
1579415186702 0.6451848 34
1579415186715 0.60680073 35
1579415186729 0.5799792 36
1579415186742 0.48846155 37
1579415186754 0.7720959 38
