1579389534694 0.44470045 1
1579389534710 0.51295334 2
1579389534725 0.52755904 3
1579389534740 0.5 4
1579389534754 0.53462607 5
1579389534767 0.5325444 6
1579389534779 0.56324583 7
1579389534792 0.5223577 8
1579389534805 0.5681818 9
1579389534820 0.5515873 10
1579389534835 0.56614786 11
1579389534852 0.55672824 12
1579389534867 0.5793269 13
1579389534884 0.578022 14
1579389534904 0.5875 15
1579389534922 0.57884234 16
1579389534940 0.5971897 17
1579389534961 0.5935335 18
1579389534979 0.58921164 19
1579389535000 0.5825688 20
