1579389534398 0.39227644 1
1579389534410 0.40243903 2
1579389534424 0.27235773 3
1579389534437 0.46138212 4
1579389534450 0.39227644 5
1579389534462 0.5487805 6
1579389534475 0.4796748 7
1579389534488 0.5223577 8
1579389534500 0.35569105 9
1579389534513 0.56504065 10
1579389534526 0.5914634 11
1579389534539 0.4288618 12
1579389534560 0.4898374 13
1579389534576 0.5345529 14
1579389534591 0.47764227 15
1579389534607 0.58943087 16
1579389534628 0.51829267 17
1579389534645 0.5223577 18
1579389534660 0.57723576 19
1579389534676 0.51626015 20
