1605143796825 0.6432584269662921 1
1605143796838 0.6601123595505618 2
1605143796852 0.6558988764044944 3
1605143796866 0.6573033707865169 4
1605143796881 0.6558988764044944 5
1605143796897 0.6657303370786517 6
1605143796912 0.6643258426966292 7
1605143796928 0.6671348314606742 8
1605143796943 0.6643258426966292 9
1605143796961 0.6713483146067416 10
1605143796978 0.6713483146067416 11
1605143796993 0.6825842696629213 12
1605143797009 0.6825842696629213 13
1605143797025 0.6896067415730337 14
1605143797040 0.6853932584269663 15
1605143797057 0.6882022471910112 16
1605143797081 0.6952247191011236 17
1605143797094 0.6952247191011236 18
1605143797108 0.6952247191011236 19
1605143797123 0.6867977528089888 20
1605143797138 0.6966292134831461 21
1605143797152 0.6938202247191011 22
1605143797166 0.7036516853932584 23
1605143797182 0.7064606741573034 24
1605143797200 0.7064606741573034 25
1605143797220 0.7078651685393258 26
1605143797239 0.7050561797752809 27
1605143797255 0.7134831460674157 28
1605143797272 0.7134831460674157 29
1605143797288 0.7162921348314607 30
1605143797305 0.7162921348314607 31
1605143797323 0.7205056179775281 32
1605143797338 0.7289325842696629 33
1605143797354 0.726123595505618 34
1605143797371 0.7275280898876404 35
1605143797389 0.7275280898876404 36
1605143797405 0.7415730337078652 37
1605143797420 0.7148876404494382 38
1605143797436 0.7345505617977528 39
1605143797452 0.7387640449438202 40
1605143797468 0.7303370786516854 41
1605143797483 0.7373595505617978 42
1605143797499 0.7373595505617978 43
1605143797516 0.7457865168539326 44
1605143797532 0.7542134831460674 45
1605143797548 0.7485955056179775 46
1605143797563 0.75 47
1605143797579 0.7457865168539326 48
1605143797595 0.7528089887640449 49
1605143797611 0.7471910112359551 50
