1605143799274 0.19975059889675525 1
1605143799290 0.24024154764882635 2
1605143799307 0.23164562495906701 3
1605143799324 0.23361217238929835 4
1605143799342 0.23717872480328164 5
1605143799362 0.27636442224631147 6
1605143799378 0.25182538019137435 7
1605143799395 0.28373668033085514 8
1605143799411 0.27482386988200497 9
1605143799428 0.29365470637096447 10
1605143799444 0.3008789989385712 11
1605143799462 0.32314016310016763 12
1605143799479 0.3405548802922281 13
1605143799495 0.356210784630829 14
1605143799512 0.3545010947109608 15
1605143799529 0.3603729023022598 16
1605143799549 0.3868499096859707 17
1605143799571 0.3793330741732308 18
1605143799588 0.38213110907693926 19
1605143799604 0.3676374882794498 20
1605143799621 0.38087391451503455 21
1605143799638 0.376435850443465 22
1605143799654 0.4162547695502806 23
1605143799672 0.42541187800718155 24
1605143799689 0.41451280572441185 25
1605143799706 0.41579465919666075 26
1605143799723 0.4336069246356407 27
1605143799740 0.43746025743109457 28
1605143799756 0.4534907528523649 29
1605143799773 0.46531285462754496 30
1605143799789 0.469807792245672 31
1605143799806 0.473692731910877 32
1605143799824 0.4854012339302663 33
1605143799841 0.501864346895325 34
1605143799859 0.5033355870943391 35
1605143799877 0.5157127668348591 36
1605143799894 0.5460034809755475 37
1605143799911 0.4823495906390501 38
1605143799928 0.5375981816415036 39
1605143799945 0.5422784739665771 40
1605143799962 0.5134449969516711 41
1605143799979 0.5330906851907794 42
1605143799997 0.5490097597743688 43
1605143800013 0.5605146235294556 44
1605143800030 0.5918708691436253 45
1605143800047 0.5703436477800433 46
1605143800063 0.569762000207151 47
1605143800080 0.5712073040142488 48
1605143800097 0.5933648455009032 49
1605143800113 0.5907847854528534 50
