1605143798453 0.6576779076222623 1
1605143798469 0.8522204388393445 2
1605143798485 0.8164793936054359 3
1605143798501 0.8013911220464813 4
1605143798517 0.8156233316057184 5
1605143798533 0.785446767056926 6
1605143798550 0.77984338663937 7
1605143798566 0.8156233369634392 8
1605143798582 0.7678972790750225 9
1605143798599 0.7931870838229576 10
1605143798615 0.8310326444968749 11
1605143798632 0.84558587127857 12
1605143798649 0.8252541456329688 13
1605143798665 0.8747993533530932 14
1605143798681 0.834028892302781 15
1605143798697 0.7911150107222996 16
1605143798714 0.8231853085957216 17
1605143798730 0.8222386917371428 18
1605143798746 0.8438964305299052 19
1605143798762 0.7920813346177005 20
1605143798778 0.8411595941929335 21
1605143798794 0.8201468968659305 22
1605143798810 0.8396160575780975 23
1605143798828 0.8397003720315654 24
1605143798846 0.8276375331235736 25
1605143798863 0.8242424311262838 26
1605143798880 0.7882454663180234 27
1605143798896 0.8314963445234834 28
1605143798912 0.8345606996771995 29
1605143798929 0.8186489598134931 30
1605143798945 0.7887553284677227 31
1605143798962 0.797032934896062 32
1605143798978 0.807250933700733 33
1605143798994 0.810520948988668 34
1605143799010 0.8180450589469309 35
1605143799026 0.7965262070130766 36
1605143799043 0.8126136051135117 37
1605143799059 0.7691378593444824 38
1605143799076 0.8010488882493437 39
1605143799092 0.8218095242307427 40
1605143799108 0.7824942904911684 41
1605143799125 0.8006802194573907 42
1605143799142 0.7963560833020157 43
1605143799158 0.8125778048226003 44
1605143799175 0.8171401720368461 45
1605143799191 0.8056073925468359 46
1605143799207 0.8311374522327037 47
1605143799224 0.8057224924644727 48
1605143799241 0.7990450269720527 49
1605143799257 0.7862825273128038 50
