1605143797626 0.11872069922725806 1
1605143797642 0.14337640732861637 2
1605143797658 0.13726289386159918 3
1605143797674 0.14023524422324105 4
1605143797690 0.1418981853495823 5
1605143797706 0.17343479796741787 6
1605143797722 0.15358043955952932 7
1605143797738 0.17405405406201824 8
1605143797754 0.17453441961427754 9
1605143797769 0.1862108436193359 10
1605143797785 0.18758801027630154 11
1605143797801 0.2053805837470494 12
1605143797820 0.2185046538878023 13
1605143797838 0.2256441025921468 14
1605143797853 0.2286361703711949 15
1605143797870 0.23816595720441153 16
1605143797887 0.2540492753634292 17
1605143797903 0.2527368457129832 18
1605143797919 0.2528863304786468 19
1605143797935 0.24204365724927923 20
1605143797951 0.25160441941089845 21
1605143797967 0.24764085184322315 22
1605143797983 0.28223834412821225 23
1605143797999 0.2877592571665732 24
1605143798015 0.2821630132332277 25
1605143798031 0.2830780315934942 26
1605143798047 0.30624582057588556 27
1605143798067 0.3004339210103067 28
1605143798089 0.31780581393938384 29
1605143798106 0.3341674349281225 30
1605143798124 0.3440068414372005 31
1605143798140 0.3427069401473142 32
1605143798156 0.3537392683243484 33
1605143798172 0.36772192997878855 34
1605143798187 0.3723803343397848 35
1605143798203 0.38574846808830004 36
1605143798219 0.41366482048891906 37
1605143798235 0.3548818893646926 38
1605143798251 0.4118196664566404 39
1605143798268 0.4154270408528574 40
1605143798284 0.3892455877882711 41
1605143798301 0.4025588879424534 42
1605143798318 0.4321260813916667 43
1605143798336 0.4341718936234378 44
1605143798353 0.46758149179180014 45
1605143798370 0.4578034944748611 46
1605143798388 0.4403631231758032 47
1605143798404 0.45467963329191957 48
1605143798421 0.4776352469840746 49
1605143798437 0.4790202938438801 50
