1579419810129 0.5168539 1
1579419810162 0.5014045 2
1579419810196 0.6797753 3
1579419810231 0.7022472 4
1579419810250 0.7219101 5
1579419810273 0.70646065 6
1579419810292 0.71207863 7
1579419810313 0.7752809 8
1579419810329 0.7401685 9
1579419810346 0.7766854 10
1579419810363 0.78370786 11
1579419810377 0.7752809 12
1579419810391 0.8202247 13
1579419810405 0.7949438 14
1579419810419 0.7724719 15
1579419810433 0.7977528 16
1579419810448 0.7514045 17
1579419810462 0.8230337 18
1579419810476 0.8258427 19
1579419810490 0.7752809 20
1579419810505 0.81601125 21
1579419810532 0.76544946 22
1579419810568 0.8244382 23
1579419810596 0.82865167 24
1579419810626 0.82865167 25
1579419810653 0.83146065 26
1579419810682 0.7401685 27
1579419810712 0.82865167 28
1579419810747 0.8202247 29
1579419810775 0.73174155 30
1579419810810 0.8272472 31
1579419810846 0.8146067 32
