1579419811924 0.32071868 1
1579419811939 0.3308026 2
1579419811953 0.38113597 3
1579419811968 0.46398303 4
1579419811983 0.54073745 5
1579419811997 0.55813044 6
1579419812011 0.53200597 7
1579419812025 0.6579611 8
1579419812040 0.6125416 9
1579419812055 0.659983 10
1579419812069 0.70813006 11
1579419812084 0.6488555 12
1579419812100 0.7537785 13
1579419812122 0.6602986 14
1579419812145 0.66277146 15
1579419812171 0.6988879 16
1579419812197 0.6691627 17
1579419812222 0.78532743 18
1579419812240 0.74204946 19
1579419812257 0.6804695 20
1579419812279 0.7276592 21
1579419812296 0.66137266 22
1579419812313 0.76453084 23
1579419812331 0.77877134 24
1579419812347 0.7434659 25
1579419812361 0.7317717 26
1579419812375 0.66213 27
1579419812390 0.74487835 28
1579419812405 0.6999901 29
1579419812420 0.64357424 30
1579419812435 0.7551455 31
1579419812449 0.73405796 32
