1579419811404 0.23517828 1
1579419811418 0.521609 2
1579419811432 0.71454126 3
1579419811446 0.7353608 4
1579419811461 0.80497175 5
1579419811476 0.67244583 6
1579419811490 0.74252766 7
1579419811504 0.8108638 8
1579419811518 0.72770935 9
1579419811532 0.7812714 10
1579419811545 0.7489166 11
1579419811559 0.79299206 12
1579419811573 0.7809524 13
1579419811588 0.8240004 14
1579419811605 0.77209705 15
1579419811619 0.7998805 16
1579419811632 0.78589725 17
1579419811647 0.8499754 18
1579419811664 0.78451437 19
1579419811688 0.8267092 20
1579419811709 0.78960186 21
1579419811733 0.8707547 22
1579419811756 0.8432827 23
1579419811782 0.8265011 24
1579419811801 0.79451656 25
1579419811819 0.8001234 26
1579419811836 0.8075728 27
1579419811853 0.79739475 28
1579419811867 0.9123072 29
1579419811881 0.79090315 30
1579419811896 0.814789 31
1579419811910 0.83595943 32
