1579419810879 0.5384615 1
1579419810901 0.40450633 2
1579419810919 0.2647651 3
1579419810937 0.342719 4
1579419810957 0.4124403 5
1579419810974 0.5584554 6
1579419810990 0.4852163 7
1579419811006 0.55566376 8
1579419811021 0.5786226 9
1579419811038 0.6045117 10
1579419811052 0.68993646 11
1579419811066 0.58121127 12
1579419811087 0.7292988 13
1579419811104 0.58314943 14
1579419811122 0.61566955 15
1579419811139 0.6333256 16
1579419811154 0.6392489 17
1579419811170 0.7308784 18
1579419811184 0.706029 19
1579419811198 0.6266965 20
1579419811212 0.6911308 21
1579419811226 0.5728836 22
1579419811240 0.7007518 23
1579419811254 0.73925424 24
1579419811272 0.69961244 25
1579419811290 0.67473555 26
1579419811311 0.60642534 27
1579419811328 0.70038366 28
1579419811345 0.58543366 29
1579419811360 0.6077432 30
1579419811375 0.70744497 31
1579419811390 0.6664194 32
