1605143818869 0.6235955056179775 1
1605143818886 0.6306179775280899 2
1605143818903 0.6151685393258427 3
1605143818925 0.6264044943820225 4
1605143818950 0.6348314606741573 5
1605143818982 0.6320224719101124 6
1605143819004 0.6446629213483146 7
1605143819021 0.6362359550561798 8
1605143819037 0.6432584269662921 9
1605143819053 0.6432584269662921 10
1605143819076 0.6544943820224719 11
1605143819093 0.6587078651685393 12
1605143819110 0.651685393258427 13
1605143819136 0.6587078651685393 14
1605143819158 0.6657303370786517 15
1605143819184 0.672752808988764 16
1605143819208 0.675561797752809 17
1605143819239 0.675561797752809 18
1605143819298 0.675561797752809 19
1605143819331 0.6797752808988764 20
1605143819356 0.6825842696629213 21
1605143819383 0.6896067415730337 22
1605143819403 0.6966292134831461 23
1605143819423 0.6924157303370787 24
1605143819442 0.702247191011236 25
1605143819464 0.723314606741573 26
1605143819481 0.7092696629213483 27
1605143819498 0.7078651685393258 28
1605143819522 0.7120786516853933 29
1605143819543 0.7191011235955056 30
1605143819564 0.723314606741573 31
1605143819581 0.7191011235955056 32
1605143819596 0.7317415730337079 33
1605143819611 0.7471910112359551 34
1605143819627 0.7289325842696629 35
1605143819642 0.7289325842696629 36
1605143819658 0.7303370786516854 37
1605143819675 0.7373595505617978 38
1605143819690 0.7345505617977528 39
1605143819705 0.7429775280898876 40
1605143819721 0.7542134831460674 41
1605143819755 0.7359550561797753 42
1605143819809 0.7443820224719101 43
1605143819850 0.7471910112359551 44
1605143819889 0.7514044943820225 45
1605143819920 0.7640449438202247 46
1605143819964 0.7584269662921348 47
1605143819991 0.7570224719101124 48
1605143820012 0.7654494382022472 49
1605143820034 0.7471910112359551 50
