1605143822531 0.07728551880697186 1
1605143822550 0.08737050415424819 2
1605143822569 0.0318692507368795 3
1605143822588 0.08640062139275369 4
1605143822603 0.12616889932182399 5
1605143822619 0.11136620232228482 6
1605143822634 0.15640763620312295 7
1605143822648 0.13046535280313384 8
1605143822662 0.1622850988688094 9
1605143822676 0.16713378201709705 10
1605143822690 0.21436253290497856 11
1605143822704 0.23267684625775625 12
1605143822719 0.20680634560209982 13
1605143822733 0.2295164198018192 14
1605143822748 0.2686179554864262 15
1605143822762 0.29041366630725646 16
1605143822776 0.29215429606062643 17
1605143822790 0.303335101751799 18
1605143822804 0.29481011963962167 19
1605143822819 0.3219269714998395 20
1605143822833 0.3384656976448016 21
1605143822847 0.34658904356902903 22
1605143822861 0.3817658946755227 23
1605143822875 0.3593065544460597 24
1605143822889 0.39981614907136126 25
1605143822903 0.4710718004891042 26
1605143822917 0.427218088273252 27
1605143822931 0.40805598490693595 28
1605143822946 0.46201836460092094 29
1605143822960 0.44711850332410147 30
1605143822974 0.4905010609144575 31
1605143822988 0.4556340702464072 32
1605143823002 0.50391814012206 33
1605143823016 0.5457287665163533 34
1605143823031 0.5065280326296774 35
1605143823045 0.5048706585101868 36
1605143823060 0.5013476107897383 37
1605143823075 0.521602106563161 38
1605143823090 0.5322247144211544 39
1605143823104 0.5419022742282139 40
1605143823120 0.5699052489205693 41
1605143823135 0.5433991933136844 42
1605143823152 0.5693238076199306 43
1605143823168 0.5789037805594756 44
1605143823183 0.568400465370564 45
1605143823198 0.6183433452349031 46
1605143823212 0.6051646571480827 47
1605143823227 0.6145387445942739 48
1605143823242 0.624050561966521 49
1605143823256 0.5886765222870902 50
