1605143821328 0.47191009092866704 1
1605143821366 0.5842696414904648 2
1605143821399 0.2397003656023004 3
1605143821421 0.6292134536786026 4
1605143821463 0.7490636418374736 5
1605143821500 0.6711610301157062 6
1605143821527 0.7910112155957169 7
1605143821549 0.7940074620621927 8
1605143821579 0.8179775248752551 9
1605143821615 0.7640449384625039 10
1605143821648 0.8470839971906683 11
1605143821680 0.8554307155394822 12
1605143821710 0.8489388187279862 13
1605143821746 0.7122525445530924 14
1605143821772 0.8514713758832952 15
1605143821802 0.858426967363679 16
1605143821824 0.8691635346144773 17
1605143821850 0.8322097411316433 18
1605143821875 0.8167469260397922 19
1605143821897 0.7937578083424086 20
1605143821918 0.8405564514438758 21
1605143821938 0.8501872681499867 22
1605143821955 0.838059572691328 23
1605143821976 0.8680667073539133 24
1605143822000 0.8731585499945651 25
1605143822023 0.8523955505885435 26
1605143822046 0.8727840198559708 27
1605143822071 0.8663456399789017 28
1605143822093 0.8230782934788907 29
1605143822111 0.826472410994969 30
1605143822130 0.8296561133995485 31
1605143822151 0.8202539026067498 32
1605143822173 0.8635439497701237 33
1605143822200 0.8662427462888568 34
1605143822227 0.8522738218307495 35
1605143822250 0.8306924077901947 36
1605143822274 0.8138201571582409 37
1605143822298 0.8745807248554872 38
1605143822319 0.8033150702380063 39
1605143822337 0.8420366209544493 40
1605143822354 0.8520575520697604 41
1605143822372 0.7992797487237481 42
1605143822387 0.8200242974784937 43
1605143822404 0.8052289285016864 44
1605143822419 0.787669867612003 45
1605143822437 0.805176299609495 46
1605143822454 0.8010119802496406 47
1605143822471 0.7935144111011805 48
1605143822488 0.8168719524747869 49
1605143822504 0.765511764569229 50
