1605143820055 0.04323720329263237 1
1605143820083 0.047983401946807176 2
1605143820109 0.017263687393638524 3
1605143820131 0.04688909750306205 4
1605143820148 0.07062375311101421 5
1605143820168 0.061816543005825425 6
1605143820206 0.08967437034242609 7
1605143820230 0.07247314861651218 8
1605143820249 0.09165477652228281 9
1605143820270 0.09532478853557887 10
1605143820293 0.12767055128397567 11
1605143820319 0.13635773203346166 12
1605143820339 0.12385205137595702 13
1605143820359 0.13853624663995892 14
1605143820379 0.16489463709713367 15
1605143820404 0.1775645278812794 16
1605143820426 0.1824579570400581 17
1605143820452 0.18744383718860283 18
1605143820484 0.19009829371163015 19
1605143820513 0.2069830372092429 20
1605143820554 0.21752007640479656 21
1605143820576 0.22631216250108868 22
1605143820595 0.2556975932603472 23
1605143820615 0.2356666594408871 24
1605143820634 0.2623776661211185 25
1605143820655 0.3336155749438854 26
1605143820679 0.28862581092320133 27
1605143820703 0.2773638128229741 28
1605143820734 0.3251014880919724 29
1605143820759 0.3164838897378257 30
1605143820778 0.3564198820778493 31
1605143820796 0.3226146430112003 32
1605143820815 0.36063106810108997 33
1605143820834 0.40364875954188656 34
1605143820850 0.37359707944848564 35
1605143820867 0.36623764004600184 36
1605143820890 0.36889587359481985 37
1605143820904 0.3772073488556937 38
1605143820923 0.4064794224634599 39
1605143820944 0.4092477141471391 40
1605143821035 0.43379273407914665 41
1605143821077 0.41946426670203046 42
1605143821106 0.4426553249359131 43
1605143821159 0.45976976598246716 44
1605143821189 0.4586527856548181 45
1605143821211 0.5063502825378032 46
1605143821243 0.49286021074552216 47
1605143821267 0.5135063411814443 48
1605143821289 0.5200008649504586 49
1605143821308 0.48200579975428204 50
