1605143893729 0.33146067415730335 1
1605143893746 0.40168539325842695 2
1605143893761 0.523876404494382 3
1605143893776 0.5786516853932584 4
1605143893791 0.6067415730337079 5
1605143893807 0.6123595505617978 6
1605143893823 0.6151685393258427 7
1605143893839 0.6292134831460674 8
1605143893855 0.6306179775280899 9
1605143893871 0.6306179775280899 10
1605143893887 0.6264044943820225 11
1605143893903 0.6306179775280899 12
1605143893920 0.6362359550561798 13
1605143893936 0.6390449438202247 14
1605143893953 0.6348314606741573 15
1605143893969 0.6432584269662921 16
1605143893986 0.6502808988764045 17
1605143894002 0.6502808988764045 18
1605143894018 0.6544943820224719 19
1605143894035 0.6615168539325843 20
1605143894051 0.6643258426966292 21
1605143894071 0.6643258426966292 22
1605143894088 0.6657303370786517 23
1605143894104 0.6769662921348315 24
1605143894121 0.6699438202247191 25
1605143894140 0.6713483146067416 26
1605143894156 0.6853932584269663 27
1605143894174 0.6825842696629213 28
1605143894193 0.6853932584269663 29
1605143894210 0.6952247191011236 30
1605143894227 0.6896067415730337 31
1605143894245 0.6882022471910112 32
1605143894263 0.6867977528089888 33
1605143894282 0.6980337078651685 34
1605143894300 0.7176966292134831 35
1605143894318 0.7008426966292135 36
1605143894335 0.6980337078651685 37
1605143894352 0.7134831460674157 38
1605143894369 0.7148876404494382 39
1605143894387 0.7092696629213483 40
1605143894403 0.7176966292134831 41
1605143894421 0.7247191011235955 42
1605143894439 0.7247191011235955 43
1605143894456 0.7219101123595506 44
1605143894475 0.7359550561797753 45
1605143894494 0.7415730337078652 46
1605143894513 0.7289325842696629 47
1605143894532 0.7219101123595506 48
1605143894550 0.7345505617977528 49
1605143894567 0.7317415730337079 50
