1605143896337 0.4045045750864436 1
1605143896354 0.2945795738964938 2
1605143896371 0.2346297733569413 3
1605143896389 0.1853250837727879 4
1605143896406 0.13475853405641705 5
1605143896423 0.10902886075919933 6
1605143896442 0.07814980356880788 7
1605143896459 0.12474658315101367 8
1605143896476 0.11335343859168921 9
1605143896493 0.0905107447270597 10
1605143896510 0.07086070267002234 11
1605143896529 0.0910839575730013 12
1605143896546 0.11528427547283387 13
1605143896565 0.12879437074232636 14
1605143896583 0.1328522777289487 15
1605143896601 0.16210526730237382 16
1605143896618 0.16625785425807652 17
1605143896636 0.19120977835708788 18
1605143896653 0.20472141765476612 19
1605143896671 0.2449548395162218 20
1605143896689 0.2658821237221193 21
1605143896706 0.24503250738208213 22
1605143896723 0.2551618077781763 23
1605143896741 0.3044364254796103 24
1605143896758 0.29226028517390906 25
1605143896776 0.300129295734877 26
1605143896794 0.3374998823980267 27
1605143896811 0.32818420482485483 28
1605143896829 0.3509089464551947 29
1605143896846 0.37891306234209726 30
1605143896863 0.3676895428909345 31
1605143896881 0.35665033774429494 32
1605143896898 0.3812688790010602 33
1605143896916 0.40638346484537874 34
1605143896934 0.45183923807037013 35
1605143896952 0.4102646407116665 36
1605143896967 0.4169834403509504 37
1605143896983 0.4388536683629068 38
1605143897001 0.4501572967915053 39
1605143897020 0.4401205630784624 40
1605143897038 0.4620132727569409 41
1605143897055 0.4785100616765826 42
1605143897078 0.4870340157760663 43
1605143897096 0.4775948738783933 44
1605143897117 0.5102549834867541 45
1605143897169 0.5379692383026808 46
1605143897188 0.5154845433288746 47
1605143897203 0.5028124739614765 48
1605143897218 0.5156723736377244 49
1605143897233 0.5120001817017459 50
