1605143895493 0.3092997094218651 1
1605143895512 0.27651979213350275 2
1605143895532 0.3060328076394756 3
1605143895549 0.39576055092758006 4
1605143895566 0.4191546332970094 5
1605143895584 0.4529695055457983 6
1605143895602 0.5243445380350177 7
1605143895618 0.54831460084808 8
1605143895636 0.696629194731123 9
1605143895652 0.6441947369093306 10
1605143895669 0.5992509059691697 11
1605143895686 0.5543070964598924 12
1605143895702 0.8089887238620372 13
1605143895720 0.7191011128800638 14
1605143895737 0.6486891200033467 15
1605143895754 0.8352059742038169 16
1605143895771 0.9213482824604163 17
1605143895788 0.8614231977569923 18
1605143895804 0.8636704067165932 19
1605143895822 0.8666666665773713 20
1605143895839 0.8089887694026647 21
1605143895854 0.8546816418679912 22
1605143895869 0.6582541090718815 23
1605143895885 0.821294812673933 24
1605143895900 0.8011414335015115 25
1605143895915 0.8000000032146325 26
1605143895930 0.8444055385803908 27
1605143895944 0.8470450787062056 28
1605143895958 0.8371321418312159 29
1605143895972 0.8641276359558105 30
1605143895986 0.8240559717242637 31
1605143896001 0.8578562522202395 32
1605143896015 0.7770514166756962 33
1605143896031 0.834456936696942 34
1605143896047 0.8597791757476464 35
1605143896068 0.835306521212117 36
1605143896090 0.8044814139269711 37
1605143896108 0.8311808082494843 38
1605143896126 0.8438315766580989 39
1605143896144 0.862122898691156 40
1605143896161 0.8449049156703307 41
1605143896179 0.8635743762669938 42
1605143896198 0.8464793663346366 43
1605143896214 0.8127924498547329 44
1605143896232 0.855257852693622 45
1605143896249 0.8525147813089778 46
1605143896266 0.8319998323247674 47
1605143896284 0.7956108296855112 48
1605143896302 0.8224148589573549 49
1605143896319 0.8159608224804482 50
