1605143894587 0.5999568861522032 1
1605143894605 0.3313425082838937 2
1605143894623 0.19553613461805194 3
1605143894642 0.12675044911631037 4
1605143894660 0.08372138457351856 5
1605143894679 0.06410424528496989 6
1605143894698 0.04331179214327523 7
1605143894716 0.07182695791962442 8
1605143894735 0.06289136577188299 9
1605143894752 0.04899570111478312 10
1605143894770 0.037912778974918834 11
1605143894788 0.0506616924585921 12
1605143894808 0.06313526295544056 13
1605143894826 0.07201790374316526 14
1605143894846 0.07786025157135525 15
1605143894864 0.09232508901799663 16
1605143894882 0.09350712681084536 17
1605143894899 0.11294764246833458 18
1605143894918 0.11765852922134185 19
1605143894937 0.1478149231230275 20
1605143894957 0.16261202867111463 21
1605143894976 0.14849079626329828 22
1605143894994 0.16332149572586746 23
1605143895012 0.19090132867352347 24
1605143895031 0.18371602256646316 25
1605143895051 0.18754103947221562 26
1605143895073 0.216542874829153 27
1605143895096 0.2098789071099142 28
1605143895115 0.23064252533269733 29
1605143895135 0.24855018666621004 30
1605143895149 0.24025082454252777 31
1605143895164 0.22926971986052697 32
1605143895180 0.26120559753996603 33
1605143895196 0.27332327071200596 34
1605143895212 0.3093194720450412 35
1605143895229 0.2741324660483371 36
1605143895245 0.2877003945661395 37
1605143895262 0.3067410876241963 38
1605143895277 0.3100131455432163 39
1605143895293 0.29777182320530493 40
1605143895310 0.3208923701489909 41
1605143895327 0.33573160613520764 42
1605143895344 0.349479428335522 43
1605143895360 0.347364253877254 44
1605143895377 0.3745120598024197 45
1605143895395 0.39725007267480483 46
1605143895412 0.38023935810903486 47
1605143895434 0.37179492832569594 48
1605143895454 0.38301229008128135 49
1605143895473 0.3785162708732519 50
