1579398108781 0.488 1
1579398108797 0.486 2
1579398108813 0.495 3
1579398108827 0.496 4
1579398108845 0.508 5
1579398108863 0.512 6
1579398108880 0.484 7
1579398108900 0.492 8
1579398108922 0.462 9
1579398108945 0.476 10
1579398108964 0.537 11
1579398108980 0.535 12
1579398108992 0.518 13
1579398109006 0.522 14
1579398109018 0.514 15
1579398109030 0.523 16
1579398109043 0.512 17
1579398109057 0.493 18
1579398109069 0.498 19
1579398109082 0.513 20
1579398109095 0.477 21
1579398109107 0.508 22
1579398109120 0.507 23
1579398109132 0.518 24
1579398109144 0.492 25
1579398109156 0.496 26
1579398109169 0.488 27
1579398109181 0.506 28
1579398109193 0.511 29
