1579398109975 0.51920694 1
1579398109994 0.49611926 2
1579398110015 0.5390047 3
1579398110035 0.48441118 4
1579398110058 0.4440982 5
1579398110082 0.4471959 6
1579398110100 0.41725639 7
1579398110116 0.4156494 8
1579398110132 0.36821988 9
1579398110147 0.5331503 10
1579398110161 0.6349782 11
1579398110174 0.6435292 12
1579398110186 0.63097775 13
1579398110199 0.6332524 14
1579398110212 0.62502754 15
1579398110224 0.6755206 16
1579398110237 0.6583411 17
1579398110250 0.46914035 18
1579398110262 0.64450634 19
1579398110277 0.6750825 20
1579398110289 0.33787766 21
1579398110302 0.6394827 22
1579398110314 0.65250045 23
1579398110328 0.6772007 24
1579398110343 0.34516764 25
1579398110358 0.34772557 26
1579398110372 0.34078166 27
1579398110384 0.3436929 28
1579398110397 0.6691437 29
