1579398109596 0.5006964 1
1579398109608 0.49692947 2
1579398109621 0.4947756 3
1579398109634 0.5200277 4
1579398109647 0.5237936 5
1579398109659 0.5120424 6
1579398109671 0.49523526 7
1579398109683 0.5206638 8
1579398109695 0.48863146 9
1579398109707 0.49086988 10
1579398109720 0.5326836 11
1579398109733 0.532524 12
1579398109745 0.51325977 13
1579398109757 0.5194942 14
1579398109769 0.5262302 15
1579398109781 0.52352726 16
1579398109793 0.50646573 17
1579398109806 0.50560224 18
1579398109818 0.5073645 19
1579398109833 0.51370835 20
1579398109850 0.5789613 21
1579398109866 0.50667715 22
1579398109881 0.51315904 23
1579398109894 0.513119 24
1579398109906 0.6514124 25
1579398109919 0.7535211 26
1579398109931 0.74787533 27
1579398109944 0.26330534 28
1579398109958 0.5059898 29
