1579398109206 0.6471472 1
1579398109219 0.6101308 2
1579398109232 0.66111076 3
1579398109245 0.5666617 4
1579398109259 0.4547587 5
1579398109274 0.49527392 6
1579398109292 0.42932165 7
1579398109307 0.3701952 8
1579398109321 0.30541736 9
1579398109336 0.65077686 10
1579398109351 0.78650296 11
1579398109366 0.81626713 12
1579398109378 0.8274854 13
1579398109390 0.8147147 14
1579398109403 0.7736834 15
1579398109415 0.95386994 16
1579398109430 0.9409554 17
1579398109443 0.58788717 18
1579398109455 0.8874011 19
1579398109467 0.98429024 20
1579398109479 0.49861023 21
1579398109491 0.8741846 22
1579398109506 0.90061164 23
1579398109519 0.99572074 24
1579398109532 0.50045043 25
1579398109545 0.5032617 26
1579398109558 0.49481484 27
1579398109571 0.49473685 28
1579398109583 0.98847 29
