1579418912163 0.4985955 1
1579418912189 0.4789326 2
1579418912213 0.53792137 3
1579418912237 0.5772472 4
1579418912251 0.6671348 5
1579418912266 0.6755618 6
1579418912286 0.7331461 7
1579418912300 0.7514045 8
1579418912314 0.747191 9
1579418912327 0.78089887 10
1579418912341 0.8047753 11
1579418912354 0.7401685 12
1579418912368 0.78370786 13
1579418912381 0.8075843 14
1579418912395 0.79634833 15
1579418912409 0.78089887 16
1579418912423 0.8174157 17
1579418912439 0.58707863 18
1579418912453 0.73876405 19
1579418912466 0.7373595 20
1579418912480 0.7303371 21
1579418912493 0.76825845 22
1579418912507 0.8146067 23
1579418912521 0.8244382 24
1579418912536 0.81882024 25
1579418912551 0.78651685 26
1579418912565 0.8005618 27
1579418912579 0.8146067 28
1579418912594 0.65589887 29
1579418912608 0.7598315 30
1579418912623 0.8019663 31
1579418912637 0.8244382 32
1579418912652 0.8146067 33
1579418912668 0.7977528 34
1579418912685 0.8174157 35
1579418912702 0.8047753 36
1579418912717 0.7598315 37
1579418912732 0.8230337 38
1579418912746 0.8216292 39
1579418912759 0.8047753 40
1579418912774 0.79073036 41
1579418912790 0.8230337 42
