1579418914208 0.39106202 1
1579418914222 0.28050625 2
1579418914237 0.4081962 3
1579418914260 0.33791327 4
1579418914285 0.44102728 5
1579418914304 0.47129083 6
1579418914321 0.5571446 7
1579418914338 0.5999703 8
1579418914353 0.58500487 9
1579418914368 0.6766505 10
1579418914382 0.7344298 11
1579418914397 0.5682718 12
1579418914411 0.6874563 13
1579418914426 0.7331667 14
1579418914440 0.6678969 15
1579418914455 0.6849192 16
1579418914472 0.7411464 17
1579418914486 0.42511138 18
1579418914502 0.57168645 19
1579418914517 0.62653196 20
1579418914531 0.5182612 21
1579418914545 0.6327476 22
1579418914560 0.72536653 23
1579418914575 0.76337224 24
1579418914590 0.7257955 25
1579418914604 0.68507165 26
1579418914618 0.703737 27
1579418914634 0.7336507 28
1579418914649 0.40756488 29
1579418914665 0.6156452 30
1579418914684 0.73204565 31
1579418914701 0.7581766 32
1579418914718 0.7496023 33
1579418914735 0.68194455 34
1579418914753 0.73747134 35
1579418914775 0.727159 36
1579418914794 0.59874773 37
1579418914813 0.7489225 38
1579418914830 0.7181049 39
1579418914847 0.7191765 40
1579418914865 0.6758712 41
1579418914882 0.7446637 42
