1579418913505 0.5059096 1
1579418913524 0.37913454 2
1579418913542 0.56663525 3
1579418913560 0.653347 4
1579418913577 0.61732525 5
1579418913594 0.6581769 6
1579418913612 0.77444714 7
1579418913629 0.7365132 8
1579418913647 0.79191923 9
1579418913664 0.7810393 10
1579418913681 0.78083825 11
1579418913695 0.81538516 12
1579418913709 0.79133034 13
1579418913723 0.7758699 14
1579418913741 0.8272879 15
1579418913759 0.76048595 16
1579418913776 0.81119746 17
1579418913792 0.7842601 18
1579418913808 0.78026146 19
1579418913824 0.7151854 20
1579418913838 0.8850991 21
1579418913852 0.79731554 22
1579418913867 0.77553886 23
1579418913881 0.8205498 24
1579418913895 0.81117266 25
1579418913909 0.7956349 26
1579418913923 0.8331089 27
1579418913937 0.80207515 28
1579418913951 0.8069417 29
1579418913966 0.8265371 30
1579418913980 0.8398938 31
1579418913999 0.79651374 32
1579418914020 0.79393023 33
1579418914041 0.80334896 34
1579418914060 0.80073804 35
1579418914081 0.7781961 36
1579418914100 0.87093467 37
1579418914122 0.8262346 38
1579418914142 0.8535091 39
1579418914159 0.8421572 40
1579418914176 0.84876204 41
1579418914193 0.81991124 42
