1579418912807 0.54665107 1
1579418912822 0.40238094 2
1579418912838 0.5776635 3
1579418912854 0.4098879 4
1579418912869 0.35127887 5
1579418912883 0.44674554 6
1579418912896 0.4434922 7
1579418912911 0.52698886 8
1579418912925 0.50463325 9
1579418912939 0.604688 10
1579418912952 0.69468546 11
1579418912966 0.49920633 12
1579418912983 0.6356841 13
1579418912997 0.6955571 14
1579418913011 0.60113055 15
1579418913025 0.64385915 16
1579418913039 0.6901464 17
1579418913053 0.47645113 18
1579418913067 0.4543651 19
1579418913081 0.63501686 20
1579418913095 0.3983395 21
1579418913108 0.56714934 22
1579418913122 0.6818302 23
1579418913137 0.71621627 24
1579418913155 0.6608396 25
1579418913173 0.6464133 26
1579418913190 0.6206472 27
1579418913207 0.6776883 28
1579418913227 0.42976153 29
1579418913246 0.49114433 30
1579418913269 0.67126495 31
1579418913291 0.72509646 32
1579418913314 0.7197337 33
1579418913337 0.6020982 34
1579418913366 0.68856364 35
1579418913385 0.69310254 36
1579418913403 0.49316522 37
1579418913420 0.69281787 38
1579418913437 0.6443437 39
1579418913453 0.64786917 40
1579418913471 0.60952383 41
1579418913488 0.686867 42
