1579415193258 0.372191 1
1579415193280 0.61657304 2
1579415193305 0.3974719 3
1579415193331 0.61657304 4
1579415193347 0.51404494 5
1579415193363 0.6446629 6
1579415193382 0.6671348 7
1579415193402 0.5983146 8
1579415193428 0.66853935 9
1579415193449 0.4494382 10
1579415193473 0.6376405 11
1579415193503 0.6418539 12
1579415193523 0.53370786 13
1579415193539 0.64325845 14
1579415193555 0.5252809 15
1579415193570 0.6348315 16
1579415193585 0.5505618 17
1579415193598 0.6544944 18
1579415193611 0.53792137 19
1579415193624 0.6292135 20
1579415193637 0.5491573 21
1579415193650 0.61657304 22
1579415193663 0.5758427 23
1579415193675 0.6755618 24
1579415193688 0.6446629 25
1579415193701 0.70926964 26
1579415193716 0.5758427 27
1579415193730 0.6966292 28
1579415193743 0.56601125 29
1579415193758 0.70646065 30
1579415193771 0.5898876 31
1579415193783 0.73876405 32
1579415193796 0.7219101 33
1579415193810 0.73876405 34
1579415193824 0.7457865 35
1579415193837 0.7275281 36
1579415193849 0.76544946 37
1579415193862 0.7668539 38
1579415193875 0.76544946 39
1579415193890 0.7626405 40
1579415193903 0.7457865 41
1579415193917 0.77106744 42
1579415193931 0.76404494 43
1579415193943 0.76544946 44
1579415193956 0.755618 45
1579415193968 0.7794944 46
1579415193984 0.7696629 47
1579415193999 0.78792137 48
1579415194015 0.74157304 49
1579415194030 0.7921348 50
