1579415195454 0.5299684 1
1579415195469 0.0 2
1579415195482 0.42416105 3
1579415195495 0.0 4
1579415195509 0.5564102 5
1579415195522 0.20689651 6
1579415195536 0.47450104 7
1579415195549 0.5640243 8
1579415195564 0.42718443 9
1579415195578 0.5514873 10
1579415195592 0.13422818 11
1579415195607 0.5029239 12
1579415195622 0.5665796 13
1579415195636 0.27428567 14
1579415195652 0.55989575 15
1579415195668 0.368932 16
1579415195684 0.57783633 17
1579415195698 0.4252336 18
1579415195712 0.5851197 19
1579415195726 0.35922328 20
1579415195740 0.5702811 21
1579415195754 0.46990287 22
1579415195768 0.59517425 23
1579415195781 0.5314402 24
1579415195795 0.62848747 25
1579415195809 0.54704595 26
1579415195823 0.5722379 27
1579415195837 0.4517766 28
1579415195851 0.5690376 29
1579415195865 0.45144352 30
1579415195879 0.5628742 31
1579415195893 0.58295965 32
1579415195912 0.5695652 33
1579415195929 0.58295965 34
1579415195946 0.5968819 35
1579415195962 0.5221674 36
1579415195977 0.64989513 37
1579415195990 0.6084905 38
1579415196006 0.612529 39
1579415196020 0.623608 40
1579415196034 0.56801903 41
1579415196048 0.64794815 42
1579415196062 0.60377353 43
1579415196077 0.63616556 44
1579415196091 0.583732 45
1579415196106 0.650334 46
1579415196120 0.61682236 47
1579415196133 0.6847599 48
1579415196147 0.53535354 49
1579415196161 0.70866144 50
