1579415194766 0.37168142 1
1579415194780 0.0 2
1579415194793 0.33474576 3
1579415194806 0.0 4
1579415194819 0.4280079 5
1579415194834 0.7173913 6
1579415194846 0.6011236 7
1579415194859 0.4830287 8
1579415194872 0.63309354 9
1579415194886 0.40099832 10
1579415194902 0.8 11
1579415194918 0.5375 12
1579415194934 0.44016227 13
1579415194947 0.6233766 14
1579415194960 0.43434343 15
1579415194974 0.5467626 16
1579415194988 0.4515464 17
1579415195001 0.58709675 18
1579415195014 0.44615385 19
1579415195028 0.5323741 20
1579415195041 0.44936708 21
1579415195055 0.5 22
1579415195068 0.46934462 23
1579415195082 0.5954546 24
1579415195095 0.5245098 25
1579415195109 0.6793478 26
1579415195122 0.4665127 27
1579415195136 0.7355372 28
1579415195149 0.45945945 29
1579415195163 0.7962963 30
1579415195177 0.47594938 31
1579415195190 0.7514451 32
1579415195203 0.70053476 33
1579415195217 0.7514451 34
1579415195232 0.7613636 35
1579415195247 0.7969925 36
1579415195261 0.75980395 37
1579415195275 0.8543046 38
1579415195289 0.835443 39
1579415195302 0.79545456 40
1579415195315 0.8150685 41
1579415195329 0.7894737 42
1579415195342 0.8476821 43
1579415195356 0.78494626 44
1579415195369 0.8413793 45
1579415195383 0.82954544 46
1579415195398 0.8516129 47
1579415195412 0.79611653 48
1579415195426 0.86178863 49
1579415195440 0.7659575 50
