1579415194042 0.9230769 1
1579415194055 0.0 2
1579415194068 0.5787546 3
1579415194081 0.0 4
1579415194094 0.7948718 5
1579415194107 0.12087912 6
1579415194120 0.3919414 7
1579415194134 0.6776557 8
1579415194148 0.32234433 9
1579415194161 0.8827839 10
1579415194174 0.07326008 11
1579415194187 0.47252747 12
1579415194200 0.7948718 13
1579415194213 0.17582418 14
1579415194226 0.7875458 15
1579415194240 0.2783883 16
1579415194253 0.8021978 17
1579415194266 0.33333334 18
1579415194279 0.84981686 19
1579415194292 0.27106228 20
1579415194305 0.7802198 21
1579415194318 0.44322345 22
1579415194331 0.8131868 23
1579415194344 0.47985348 24
1579415194358 0.7838828 25
1579415194371 0.45787546 26
1579415194384 0.73992676 27
1579415194399 0.32600734 28
1579415194416 0.74725276 29
1579415194431 0.31501833 30
1579415194444 0.6886447 31
1579415194458 0.47619048 32
1579415194473 0.47985348 33
1579415194486 0.47619048 34
1579415194504 0.4908425 35
1579415194525 0.3882784 36
1579415194545 0.5677656 37
1579415194566 0.47252747 38
1579415194592 0.48351648 39
1579415194611 0.51282054 40
1579415194626 0.43589744 41
1579415194642 0.5494506 42
1579415194656 0.46886447 43
1579415194670 0.53479856 44
1579415194683 0.44688645 45
1579415194696 0.53479856 46
1579415194709 0.48351648 47
1579415194723 0.6007326 48
1579415194737 0.3882784 49
1579415194751 0.6593407 50
