1579389016092 0.47689074 1
1579389016105 0.49385247 2
1579389016117 0.53667957 3
1579389016130 0.51082253 4
1579389016143 0.50238097 5
1579389016156 0.5094737 6
1579389016170 0.5488506 7
1579389016184 0.53669727 8
1579389016197 0.53246754 9
1579389016209 0.5570292 10
1579389016221 0.54564315 11
1579389016234 0.540201 12
1579389016246 0.5859155 13
1579389016259 0.563147 14
1579389016271 0.5362694 15
1579389016284 0.5856237 16
1579389016296 0.59765625 17
1579389016309 0.6326964 18
1579389016321 0.5661253 19
1579389016333 0.6512195 20
