1579389015847 0.4642127 1
1579389015859 0.49284253 2
1579389015871 0.28425357 3
1579389015884 0.4826176 4
1579389015896 0.43149284 5
1579389015908 0.49488753 6
1579389015920 0.39059305 7
1579389015932 0.4785276 8
1579389015944 0.5030675 9
1579389015957 0.42944786 10
1579389015969 0.5378323 11
1579389015981 0.4396728 12
1579389015993 0.42535788 13
1579389016006 0.5562372 14
1579389016018 0.42331287 15
1579389016030 0.56646216 16
1579389016043 0.6257669 17
1579389016055 0.60940695 18
1579389016067 0.4989775 19
1579389016080 0.5460123 20
