1579414667311 0.51404494 1
1579414667331 0.6053371 2
1579414667349 0.6025281 3
1579414667365 0.58707863 4
1579414667380 0.55898875 5
1579414667395 0.6179775 6
1579414667414 0.6530899 7
1579414667436 0.6516854 8
1579414667459 0.6235955 9
1579414667479 0.630618 10
1579414667499 0.63342696 11
1579414667522 0.56179774 12
1579414667539 0.619382 13
1579414667554 0.5828652 14
1579414667569 0.61095506 15
1579414667583 0.6207865 16
1579414667596 0.5533708 17
1579414667608 0.6179775 18
1579414667621 0.61657304 19
1579414667634 0.61657304 20
1579414667648 0.60393256 21
1579414667660 0.6025281 22
1579414667673 0.61376405 23
1579414667685 0.56320226 24
1579414667698 0.61376405 25
