1579414668365 0.21353523 1
1579414668378 0.362057 2
1579414668391 0.47226307 3
1579414668404 0.4970005 4
1579414668417 0.4106025 5
1579414668431 0.33185515 6
1579414668443 0.31322184 7
1579414668456 0.2864638 8
1579414668470 0.1878121 9
1579414668483 0.26839134 10
1579414668496 0.14887217 11
1579414668512 0.13310137 12
1579414668530 0.048531864 13
1579414668552 0.09382283 14
1579414668576 0.06545919 15
1579414668598 0.020914217 16
1579414668621 0.07245205 17
1579414668642 0.012857141 18
1579414668659 0.0 19
1579414668674 0.019467264 20
1579414668690 0.0 21
1579414668705 0.0890538 22
1579414668718 0.0 23
1579414668731 0.06938775 24
1579414668744 0.0127995415 25
