1579414668037 0.19444445 1
1579414668050 0.5300158 2
1579414668062 0.49060178 3
1579414668075 0.47689033 4
1579414668088 0.49471477 5
1579414668102 0.5128156 6
1579414668115 0.6606622 7
1579414668128 0.6962481 8
1579414668142 0.4714286 9
1579414668156 0.64332664 10
1579414668169 0.7333333 11
1579414668182 0.4185984 12
1579414668195 0.3952381 13
1579414668208 0.11571429 14
1579414668221 0.22278912 15
1579414668234 0.42857137 16
1579414668247 0.11360545 17
1579414668260 0.28571424 18
1579414668273 0.0 19
1579414668287 0.32142854 20
1579414668300 0.0 21
1579414668313 0.06469003 22
1579414668326 0.0 23
1579414668339 0.045822103 24
1579414668352 0.19047618 25
