1579414667711 0.2969289 1
1579414667723 0.3251698 2
1579414667736 0.4945362 3
1579414667749 0.5482136 4
1579414667762 0.47756788 5
1579414667775 0.25857288 6
1579414667788 0.2064611 7
1579414667801 0.18715687 8
1579414667814 0.12177861 9
1579414667826 0.24983379 10
1579414667839 0.084165744 11
1579414667852 0.17775679 12
1579414667868 0.026398374 13
1579414667881 0.14285715 14
1579414667894 0.043493453 15
1579414667907 0.010718753 16
1579414667920 0.14671814 17
1579414667934 0.0065784557 18
1579414667947 0.0 19
1579414667960 0.010159866 20
1579414667972 0.0 21
1579414667985 0.14285715 22
1579414667998 0.0 23
1579414668011 0.14285715 24
1579414668024 0.006735589 25
