1579419798763 0.6348315 1
1579419798780 0.7078652 2
1579419798796 0.755618 3
1579419798809 0.744382 4
1579419798823 0.76825845 5
1579419798837 0.78932583 6
1579419798857 0.7766854 7
1579419798878 0.79073036 8
1579419798900 0.76544946 9
1579419798922 0.79353935 10
1579419798944 0.7766854 11
1579419798961 0.81320226 12
1579419798978 0.80617976 13
1579419798995 0.8033708 14
1579419799011 0.7977528 15
1579419799027 0.7991573 16
1579419799041 0.8047753 17
1579419799055 0.7949438 18
1579419799069 0.78932583 19
1579419799083 0.7921348 20
1579419799097 0.78792137 21
1579419799110 0.79634833 22
1579419799124 0.7724719 23
1579419799139 0.8047753 24
1579419799153 0.7977528 25
1579419799166 0.7977528 26
1579419799180 0.7949438 27
1579419799195 0.80617976 28
1579419799214 0.8047753 29
1579419799230 0.8047753 30
1579419799245 0.78932583 31
1579419799259 0.80617976 32
1579419799275 0.7977528 33
1579419799290 0.8075843 34
1579419799303 0.7766854 35
1579419799318 0.7991573 36
1579419799333 0.78370786 37
1579419799347 0.8103933 38
1579419799362 0.7991573 39
1579419799375 0.8075843 40
1579419799389 0.8047753 41
1579419799403 0.8047753 42
1579419799417 0.7949438 43
1579419799432 0.81882024 44
1579419799446 0.7851124 45
