1579419800856 0.4083135 1
1579419800871 0.5180648 2
1579419800885 0.59069866 3
1579419800899 0.61080533 4
1579419800914 0.6100885 5
1579419800929 0.6480667 6
1579419800943 0.6267543 7
1579419800957 0.65335935 8
1579419800971 0.6413053 9
1579419800985 0.6804331 10
1579419801000 0.62085664 11
1579419801014 0.7009949 12
1579419801029 0.70161974 13
1579419801043 0.68598795 14
1579419801057 0.66453975 15
1579419801072 0.66644233 16
1579419801086 0.6671568 17
1579419801101 0.6415779 18
1579419801115 0.6501587 19
1579419801131 0.67633194 20
1579419801146 0.6535753 21
1579419801160 0.69107246 22
1579419801175 0.642401 23
1579419801189 0.7010328 24
1579419801203 0.65880936 25
1579419801220 0.6488989 26
1579419801239 0.6467368 27
1579419801258 0.65768355 28
1579419801275 0.7049036 29
1579419801289 0.6888946 30
1579419801303 0.657461 31
1579419801317 0.70202357 32
1579419801332 0.65253 33
1579419801346 0.6824466 34
1579419801360 0.623367 35
1579419801376 0.7005973 36
1579419801391 0.67935705 37
1579419801406 0.7385488 38
1579419801420 0.71375066 39
1579419801435 0.7303338 40
1579419801449 0.70879084 41
1579419801464 0.70111895 42
1579419801479 0.6950642 43
1579419801494 0.73503023 44
1579419801508 0.64332104 45
