1579419800178 0.53901464 1
1579419800192 0.67761594 2
1579419800210 0.7537309 3
1579419800228 0.76659364 4
1579419800245 0.7658189 5
1579419800263 0.7818713 6
1579419800280 0.79393274 7
1579419800294 0.8156624 8
1579419800308 0.80086064 9
1579419800323 0.8343121 10
1579419800337 0.7964912 11
1579419800351 0.81543344 12
1579419800365 0.8206084 13
1579419800379 0.87137634 14
1579419800393 0.8205769 15
1579419800407 0.8381664 16
1579419800421 0.8113494 17
1579419800435 0.82422715 18
1579419800452 0.8051693 19
1579419800467 0.8014306 20
1579419800481 0.8143902 21
1579419800495 0.79895574 22
1579419800510 0.7897917 23
1579419800524 0.8278403 24
1579419800538 0.8266247 25
1579419800552 0.8365753 26
1579419800567 0.8852756 27
1579419800581 0.8504803 28
1579419800595 0.8211987 29
1579419800610 0.83303046 30
1579419800623 0.84954435 31
1579419800637 0.8340615 32
1579419800651 0.83524436 33
1579419800666 0.86380535 34
1579419800681 0.8149331 35
1579419800696 0.7966202 36
1579419800712 0.7293433 37
1579419800729 0.787427 38
1579419800747 0.76767373 39
1579419800764 0.7944919 40
1579419800780 0.8074116 41
1579419800794 0.7809602 42
1579419800808 0.76782256 43
1579419800823 0.8071723 44
1579419800840 0.82704675 45
