1579419799460 0.43737754 1
1579419799473 0.5056675 2
1579419799487 0.5302703 3
1579419799501 0.57868624 4
1579419799515 0.5620718 5
1579419799530 0.5996943 6
1579419799544 0.55652726 7
1579419799558 0.57882863 8
1579419799571 0.5908103 9
1579419799585 0.6305393 10
1579419799599 0.5695403 11
1579419799614 0.6554198 12
1579419799629 0.6636542 13
1579419799644 0.6007187 14
1579419799658 0.61045986 15
1579419799672 0.58953255 16
1579419799685 0.61328334 17
1579419799700 0.5751064 18
1579419799718 0.61215544 19
1579419799735 0.6089495 20
1579419799752 0.5827174 21
1579419799769 0.632683 22
1579419799784 0.59982437 23
1579419799803 0.64695925 24
1579419799820 0.5794638 25
1579419799835 0.5837676 26
1579419799850 0.5494465 27
1579419799864 0.5585897 28
1579419799878 0.6567413 29
1579419799892 0.6244617 30
1579419799906 0.5734222 31
1579419799920 0.6499686 32
1579419799934 0.58524436 33
1579419799951 0.5944255 34
1579419799970 0.558216 35
1579419799995 0.6729494 36
1579419800017 0.6723636 37
1579419800041 0.7304018 38
1579419800064 0.7076812 39
1579419800085 0.7112469 40
1579419800102 0.6751434 41
1579419800119 0.6782898 42
1579419800136 0.6757832 43
1579419800150 0.6995092 44
1579419800164 0.5851219 45
