1579419868652 0.5716292 1
1579419868666 0.6502809 2
1579419868680 0.73174155 3
1579419868694 0.7570225 4
1579419868709 0.78370786 5
1579419868724 0.78792137 6
1579419868740 0.7668539 7
1579419868754 0.78932583 8
1579419868768 0.80617976 9
1579419868782 0.7991573 10
1579419868796 0.7823034 11
1579419868810 0.7949438 12
1579419868824 0.8075843 13
1579419868839 0.7738764 14
1579419868856 0.81179774 15
1579419868870 0.8075843 16
1579419868885 0.7921348 17
1579419868903 0.8033708 18
1579419868922 0.8216292 19
1579419868938 0.8230337 20
1579419868952 0.8019663 21
1579419868966 0.8202247 22
1579419868980 0.81320226 23
1579419868995 0.81320226 24
1579419869009 0.8272472 25
1579419869024 0.81601125 26
1579419869038 0.81601125 27
1579419869053 0.8216292 28
1579419869068 0.8272472 29
1579419869085 0.8244382 30
1579419869105 0.8005618 31
1579419869121 0.8328652 32
1579419869137 0.8244382 33
1579419869152 0.81601125 34
1579419869167 0.8258427 35
1579419869181 0.83426964 36
