1579419870289 0.31409216 1
1579419870305 0.40595517 2
1579419870320 0.52661824 3
1579419870336 0.59618795 4
1579419870350 0.67132074 5
1579419870366 0.6760659 6
1579419870381 0.6488976 7
1579419870395 0.6952595 8
1579419870411 0.7250892 9
1579419870426 0.70978796 10
1579419870441 0.66117954 11
1579419870455 0.69019777 12
1579419870470 0.724415 13
1579419870484 0.6751138 14
1579419870499 0.73274946 15
1579419870513 0.71655387 16
1579419870529 0.70449156 17
1579419870543 0.7204644 18
1579419870558 0.7474545 19
1579419870572 0.7414068 20
1579419870589 0.70547163 21
1579419870607 0.754404 22
1579419870624 0.73002803 23
1579419870643 0.7248717 24
1579419870661 0.730855 25
1579419870678 0.7212857 26
1579419870696 0.7243168 27
1579419870718 0.72668165 28
1579419870741 0.73446083 29
1579419870766 0.74108475 30
1579419870790 0.70744693 31
1579419870813 0.7447842 32
1579419870836 0.74279296 33
1579419870859 0.7280774 34
1579419870883 0.74124444 35
1579419870907 0.7560658 36
