1579419869753 0.46245494 1
1579419869767 0.6910233 2
1579419869783 0.82291454 3
1579419869797 0.8021973 4
1579419869813 0.8094883 5
1579419869827 0.8107071 6
1579419869841 0.7900494 7
1579419869856 0.75849015 8
1579419869870 0.8120161 9
1579419869885 0.78850967 10
1579419869899 0.76791584 11
1579419869914 0.7943934 12
1579419869928 0.7898978 13
1579419869943 0.7866688 14
1579419869958 0.81535006 15
1579419869972 0.7992002 16
1579419869986 0.7892723 17
1579419870000 0.7999093 18
1579419870014 0.8255895 19
1579419870029 0.8265691 20
1579419870043 0.8058389 21
1579419870058 0.79462653 22
1579419870072 0.8180219 23
1579419870089 0.82904136 24
1579419870107 0.83369035 25
1579419870121 0.8483475 26
1579419870137 0.81544214 27
1579419870154 0.85526913 28
1579419870171 0.8679819 29
1579419870186 0.85458565 30
1579419870201 0.8132035 31
1579419870215 0.8611649 32
1579419870229 0.8458829 33
1579419870244 0.83017397 34
1579419870258 0.85780555 35
1579419870273 0.8680282 36
