1579419869195 0.40220934 1
1579419869209 0.3547266 2
1579419869223 0.47607905 3
1579419869237 0.5455882 4
1579419869251 0.59462684 5
1579419869266 0.62611896 6
1579419869281 0.5798308 7
1579419869295 0.65577084 8
1579419869309 0.6731958 9
1579419869323 0.65399086 10
1579419869337 0.61166775 11
1579419869351 0.6497455 12
1579419869366 0.67458475 13
1579419869383 0.6556427 14
1579419869397 0.67486936 15
1579419869411 0.65938693 16
1579419869425 0.6583428 17
1579419869440 0.6688302 18
1579419869454 0.68960744 19
1579419869469 0.6863747 20
1579419869483 0.65853554 21
1579419869497 0.72700983 22
1579419869512 0.66806567 23
1579419869527 0.663328 24
1579419869542 0.67521286 25
1579419869563 0.6337223 26
1579419869591 0.6601364 27
1579419869609 0.6409952 28
1579419869626 0.6580253 29
1579419869644 0.6590265 30
1579419869661 0.64905965 31
1579419869680 0.6616159 32
1579419869695 0.67600614 33
1579419869710 0.65435547 34
1579419869724 0.6736395 35
1579419869738 0.6779328 36
