1579398135436 0.51 1
1579398135455 0.505 2
1579398135475 0.494 3
1579398135498 0.504 4
1579398135514 0.496 5
1579398135528 0.504 6
1579398135543 0.503 7
1579398135558 0.497 8
1579398135577 0.52 9
1579398135600 0.514 10
1579398135620 0.49 11
1579398135644 0.509 12
1579398135663 0.503 13
1579398135683 0.486 14
1579398135697 0.489 15
1579398135712 0.502 16
1579398135726 0.517 17
1579398135738 0.479 18
1579398135750 0.501 19
1579398135762 0.494 20
1579398135774 0.51 21
1579398135789 0.506 22
1579398135803 0.506 23
1579398135814 0.52 24
1579398135827 0.498 25
