1579398136480 0.37308827 1
1579398136496 0.39728522 2
1579398136512 0.3392717 3
1579398136528 0.46349922 4
1579398136543 0.46931177 5
1579398136557 0.53337276 6
1579398136570 0.4108673 7
1579398136583 0.477197 8
1579398136597 0.33606046 9
1579398136609 0.54757386 10
1579398136622 0.42042798 11
1579398136635 0.5317873 12
1579398136648 0.44807035 13
1579398136660 0.305826 14
1579398136676 0.31850034 15
1579398136695 0.33248258 16
1579398136718 0.41109395 17
1579398136740 0.273377 18
1579398136759 0.41053018 19
1579398136781 0.40040785 20
1579398136800 0.4067846 21
1579398136816 0.4035967 22
1579398136831 0.27326936 23
1579398136847 0.41021562 24
1579398136863 0.40183085 25
