1579398136160 0.30882582 1
1579398136172 0.40545025 2
1579398136185 0.5049826 3
1579398136198 0.48856464 4
1579398136211 0.5138025 5
1579398136223 0.52297366 6
1579398136236 0.534694 7
1579398136248 0.47492486 8
1579398136261 0.49394923 9
1579398136274 0.51144105 10
1579398136287 0.48892874 11
1579398136299 0.5382803 12
1579398136312 0.522209 13
1579398136324 0.2815372 14
1579398136339 0.3050607 15
1579398136352 0.48720327 16
1579398136364 0.5091308 17
1579398136377 0.59385955 18
1579398136389 0.5090909 19
1579398136402 0.3008772 20
1579398136415 0.30789474 21
1579398136427 0.3047448 22
1579398136440 0.2075359 23
1579398136452 0.3122807 24
1579398136465 0.30263156 25
