1579398135840 0.481427 1
1579398135853 0.44288674 2
1579398135866 0.34031045 3
1579398135878 0.54796135 4
1579398135891 0.5435448 5
1579398135904 0.68670005 6
1579398135917 0.4929286 7
1579398135929 0.6431612 8
1579398135941 0.43115497 9
1579398135954 0.70503294 10
1579398135966 0.5016407 11
1579398135981 0.68802637 12
1579398135995 0.5302199 13
1579398136008 0.42416716 14
1579398136021 0.4362069 15
1579398136034 0.44404572 16
1579398136046 0.6018018 17
1579398136059 0.40623015 18
1579398136071 0.59826034 19
1579398136085 0.6 20
1579398136098 0.6 21
1579398136110 0.6 22
1579398136123 0.4 23
1579398136135 0.6 24
1579398136147 0.6 25
