1579374767778 0.7307379822731018 0
1579374767879 0.7007499666213989 0
1579374767984 0.6953897500038146 0
1579374768088 0.6928308610916137 0
1579374768195 0.6920970487594604 0
1579374768296 0.6868214974403382 0
1579374768395 0.6922125825881958 0
1579374768498 0.6869040818214417 0
1579374768613 0.6895891718864441 0
1579374768733 0.6904839911460876 0
1579374768836 0.6809674501419067 0
1579374768946 0.6770929112434387 0
1579374769047 0.6793480668067932 0
1579374769151 0.6739672603607177 0
1579374769252 0.6610393190383911 0
1579374769352 0.6720331406593323 0
1579374769452 0.662330189704895 0
1579374769552 0.654649932384491 0
1579374769654 0.6585581464767456 0
1579374769755 0.6498035349845886 0
