1579374767814 0.51129365 0
1579374767922 0.47692308 0
1579374768022 0.49731663 0
1579374768133 0.5321782 0
1579374768233 0.5294118 0
1579374768332 0.5502392 0
1579374768432 0.5268817 0
1579374768543 0.55026454 0
1579374768658 0.53744495 0
1579374768773 0.5288303 0
1579374768879 0.57045454 0
1579374768983 0.5687885 0
1579374769085 0.5671642 0
1579374769191 0.5714286 0
1579374769290 0.5913242 0
1579374769390 0.5863454 0
1579374769490 0.5889571 0
1579374769591 0.57715434 0
1579374769692 0.5808383 0
1579374769793 0.62527716 0
