1579374767802 0.501006 0
1579374767910 0.49899396 0
1579374768009 0.55935615 0
1579374768118 0.43259558 0
1579374768220 0.43460765 0
1579374768320 0.46277666 0
1579374768420 0.5915493 0
1579374768529 0.41851106 0
1579374768644 0.49094567 0
1579374768761 0.6458753 0
1579374768866 0.50503016 0
1579374768971 0.5573441 0
1579374769073 0.53521127 0
1579374769178 0.5633803 0
1579374769278 0.52112675 0
1579374769377 0.5875251 0
1579374769478 0.57947683 0
1579374769577 0.57947683 0
1579374769680 0.58551306 0
1579374769780 0.56740445 0
