1579415582658 0.46910113 1
1579415582677 0.50842696 2
1579415582703 0.66432583 3
1579415582730 0.69382024 4
1579415582757 0.7148876 5
1579415582783 0.73876405 6
1579415582800 0.7485955 7
1579415582815 0.755618 8
1579415582831 0.75 9
1579415582848 0.79353935 10
1579415582865 0.7794944 11
1579415582882 0.7991573 12
1579415582899 0.7921348 13
1579415582912 0.72893256 14
1579415582926 0.78932583 15
1579415582939 0.78651685 16
1579415582953 0.78651685 17
1579415582966 0.8033708 18
1579415582980 0.78651685 19
1579415582995 0.78370786 20
1579415583008 0.80617976 21
1579415583022 0.7303371 22
1579415583037 0.81179774 23
1579415583051 0.7626405 24
1579415583065 0.73455054 25
1579415583079 0.81179774 26
1579415583093 0.7991573 27
1579415583106 0.7780899 28
1579415583119 0.8005618 29
1579415583133 0.8075843 30
1579415583146 0.8047753 31
1579415583159 0.79634833 32
1579415583173 0.7921348 33
1579415583187 0.8033708 34
1579415583200 0.7738764 35
1579415583213 0.8075843 36
1579415583227 0.7205056 37
1579415583241 0.7485955 38
1579415583254 0.7668539 39
1579415583267 0.8047753 40
1579415583281 0.81882024 41
1579415583294 0.8019663 42
1579415583307 0.7991573 43
1579415583321 0.8047753 44
1579415583334 0.8272472 45
