1579415584656 0.3473846 1
1579415584670 0.29938385 2
1579415584684 0.3506894 3
1579415584698 0.50786746 4
1579415584714 0.44199815 5
1579415584730 0.5852353 6
1579415584746 0.56952006 7
1579415584759 0.61899716 8
1579415584773 0.5848184 9
1579415584787 0.70132846 10
1579415584801 0.72071075 11
1579415584814 0.7308809 12
1579415584828 0.69134235 13
1579415584843 0.5294802 14
1579415584857 0.71660995 15
1579415584871 0.68637943 16
1579415584885 0.6888757 17
1579415584900 0.716551 18
1579415584914 0.6628189 19
1579415584927 0.67043966 20
1579415584941 0.7390787 21
1579415584955 0.5482045 22
1579415584968 0.70970076 23
1579415584983 0.60909086 24
1579415584998 0.59862715 25
1579415585011 0.7308652 26
1579415585025 0.70885324 27
1579415585038 0.63550735 28
1579415585052 0.71165735 29
1579415585065 0.6797428 30
1579415585080 0.71881795 31
1579415585096 0.6529935 32
1579415585110 0.6838744 33
1579415585123 0.7071428 34
1579415585137 0.6418616 35
1579415585151 0.7102404 36
1579415585165 0.4720167 37
1579415585179 0.5657622 38
1579415585194 0.58540684 39
1579415585208 0.71696854 40
1579415585222 0.7356248 41
1579415585236 0.7164975 42
1579415585250 0.6174233 43
1579415585264 0.7112121 44
1579415585279 0.7230293 45
