1579415584032 0.2352577 1
1579415584046 0.22163327 2
1579415584060 0.7608025 3
1579415584073 0.6706519 4
1579415584087 0.7883598 5
1579415584100 0.7678321 6
1579415584113 0.8436782 7
1579415584127 0.68604803 8
1579415584140 0.8518266 9
1579415584154 0.7648061 10
1579415584168 0.7523219 11
1579415584182 0.8135646 12
1579415584195 0.7438793 13
1579415584208 0.79836226 14
1579415584221 0.8007533 15
1579415584236 0.76494193 16
1579415584252 0.85458726 17
1579415584267 0.8448815 18
1579415584282 0.7509323 19
1579415584296 0.8613836 20
1579415584310 0.8305178 21
1579415584323 0.8069306 22
1579415584337 0.8167222 23
1579415584351 0.8138061 24
1579415584365 0.8323996 25
1579415584379 0.8141234 26
1579415584393 0.79141897 27
1579415584406 0.82729465 28
1579415584420 0.8529303 29
1579415584434 0.8010823 30
1579415584448 0.86235565 31
1579415584462 0.8604452 32
1579415584475 0.7900748 33
1579415584489 0.86272144 34
1579415584503 0.86363983 35
1579415584516 0.805101 36
1579415584529 0.8829517 37
1579415584543 0.8211507 38
1579415584558 0.8578303 39
1579415584574 0.85577816 40
1579415584588 0.835181 41
1579415584601 0.8288172 42
1579415584615 0.85630625 43
1579415584629 0.8150106 44
1579415584642 0.8271429 45
