1579415583348 0.6666667 1
1579415583362 0.47491708 2
1579415583375 0.2542062 3
1579415583389 0.42513835 4
1579415583402 0.3187053 5
1579415583415 0.49496222 6
1579415583429 0.4680728 7
1579415583443 0.5920358 8
1579415583456 0.4936985 9
1579415583469 0.65504724 10
1579415583482 0.693137 11
1579415583495 0.66373616 12
1579415583509 0.64614844 13
1579415583523 0.4804953 14
1579415583540 0.65158767 15
1579415583556 0.639945 16
1579415583571 0.5944658 17
1579415583584 0.63611287 18
1579415583597 0.6131521 19
1579415583611 0.56416684 20
1579415583624 0.6670281 21
1579415583638 0.49682632 22
1579415583652 0.6294878 23
1579415583665 0.5247132 24
1579415583679 0.54909146 25
1579415583693 0.66589457 26
1579415583706 0.64616203 27
1579415583720 0.5722235 28
1579415583735 0.62877345 29
1579415583751 0.60002506 30
1579415583765 0.6279133 31
1579415583780 0.5562471 32
1579415583802 0.6259897 33
1579415583828 0.60287076 34
1579415583852 0.54188323 35
1579415583876 0.63576776 36
1579415583899 0.3884405 37
1579415583916 0.45919082 38
1579415583933 0.47628573 39
1579415583949 0.63230693 40
1579415583964 0.6667941 41
1579415583978 0.6372588 42
1579415583991 0.52804685 43
1579415584005 0.6363385 44
1579415584018 0.6428285 45
