1605143862062 0.6264044943820225 1
1605143862077 0.6432584269662921 2
1605143862091 0.6390449438202247 3
1605143862105 0.6558988764044944 4
1605143862118 0.6474719101123596 5
1605143862132 0.6587078651685393 6
1605143862148 0.6530898876404494 7
1605143862163 0.6587078651685393 8
1605143862179 0.6474719101123596 9
1605143862195 0.6629213483146067 10
1605143862210 0.6615168539325843 11
1605143862224 0.6601123595505618 12
1605143862239 0.6657303370786517 13
1605143862254 0.672752808988764 14
1605143862270 0.6741573033707865 15
1605143862286 0.6769662921348315 16
1605143862302 0.6811797752808989 17
1605143862318 0.6811797752808989 18
1605143862334 0.6811797752808989 19
1605143862350 0.6910112359550562 20
1605143862365 0.6924157303370787 21
1605143862381 0.6910112359550562 22
1605143862397 0.6966292134831461 23
1605143862412 0.6952247191011236 24
1605143862425 0.7078651685393258 25
1605143862438 0.7120786516853933 26
1605143862452 0.7106741573033708 27
1605143862465 0.7134831460674157 28
1605143862478 0.7064606741573034 29
1605143862492 0.7162921348314607 30
1605143862505 0.7176966292134831 31
1605143862518 0.7162921348314607 32
1605143862532 0.7247191011235955 33
1605143862545 0.7331460674157303 34
1605143862563 0.7303370786516854 35
1605143862577 0.7289325842696629 36
1605143862594 0.7345505617977528 37
1605143862610 0.7345505617977528 38
1605143862627 0.7317415730337079 39
1605143862643 0.7443820224719101 40
1605143862659 0.7289325842696629 41
1605143862675 0.7387640449438202 42
1605143862691 0.7359550561797753 43
1605143862707 0.7556179775280899 44
1605143862723 0.7331460674157303 45
1605143862739 0.7359550561797753 46
1605143862755 0.7514044943820225 47
1605143862771 0.7514044943820225 48
1605143862788 0.7542134831460674 49
1605143862805 0.7457865168539326 50
