1605143864430 0.22584418835264913 1
1605143864448 0.21132856205608067 2
1605143864466 0.1887976969226023 3
1605143864483 0.22129371460903896 4
1605143864501 0.2207868822504965 5
1605143864519 0.2157409613052111 6
1605143864536 0.19818067885516735 7
1605143864554 0.23470020963904564 8
1605143864573 0.19759488875946302 9
1605143864594 0.23926303627785672 10
1605143864613 0.24703544780109707 11
1605143864633 0.23550680145788727 12
1605143864651 0.2709276756543792 13
1605143864669 0.2892423774419206 14
1605143864686 0.2984110863690966 15
1605143864703 0.31546654861964535 16
1605143864720 0.33666133277871635 17
1605143864735 0.321582976351963 18
1605143864751 0.3310365757245696 19
1605143864766 0.3615949803523803 20
1605143864781 0.3665247619821784 21
1605143864796 0.3541711957267161 22
1605143864812 0.38033876392278776 23
1605143864827 0.38511585117725844 24
1605143864842 0.4228466742494133 25
1605143864858 0.4252649130446188 26
1605143864875 0.42121381036351235 27
1605143864893 0.4509976881273677 28
1605143864909 0.41890058088838383 29
1605143864924 0.4452256272348125 30
1605143864940 0.4597979757223236 31
1605143864954 0.43885346008150766 32
1605143864969 0.4819827856642477 33
1605143864984 0.5083901138787859 34
1605143865009 0.49254081624277524 35
1605143865039 0.49287584926305195 36
1605143865062 0.48652857609009476 37
1605143865092 0.5045752960644411 38
1605143865111 0.5031422470392806 39
1605143865130 0.5383019370309422 40
1605143865151 0.5018421960680672 41
1605143865171 0.5302595422509011 42
1605143865191 0.5206626084413422 43
1605143865208 0.5651653080843808 44
1605143865226 0.5273302853777168 45
1605143865242 0.5139332293124681 46
1605143865257 0.5638810255554285 47
1605143865273 0.5670629646001237 48
1605143865289 0.5713448792361142 49
1605143865306 0.5511157438996133 50
