1605143863530 0.5307683663421803 1
1605143863545 0.6927768916226504 2
1605143863559 0.675441404406944 3
1605143863573 0.7276618534259582 4
1605143863589 0.7595505687627899 5
1605143863603 0.8140593325154165 6
1605143863616 0.7580524294563894 7
1605143863631 0.8599250932757774 8
1605143863645 0.7910112263111586 9
1605143863658 0.7482076066263607 10
1605143863673 0.8394863471556245 11
1605143863688 0.8334938394889403 12
1605143863702 0.7762796543957142 13
1605143863716 0.8409488174352753 14
1605143863733 0.8484751120042265 15
1605143863750 0.8407347979170553 16
1605143863766 0.8300695593437452 17
1605143863783 0.8411271545324432 18
1605143863799 0.8431603345978126 19
1605143863814 0.8769395418381423 20
1605143863830 0.8345250279715891 21
1605143863848 0.814481898639979 22
1605143863866 0.8728776875506626 23
1605143863891 0.8098415953389714 24
1605143863911 0.8719457816541865 25
1605143863933 0.867075502202752 26
1605143863951 0.8575254986795147 27
1605143863969 0.8351067197456788 28
1605143863989 0.8522885354717126 29
1605143864009 0.8676102884699789 30
1605143864030 0.8719101112880064 31
1605143864050 0.8799769496649839 32
1605143864079 0.8663261874338214 33
1605143864100 0.8745723721686374 34
1605143864121 0.8542463163311562 35
1605143864143 0.855147854665692 36
1605143864164 0.870065780168169 37
1605143864184 0.8705903331885178 38
1605143864205 0.8649809588207288 39
1605143864225 0.866363470473986 40
1605143864250 0.826239934128322 41
1605143864268 0.8605437064438723 42
1605143864286 0.8258348408709751 43
1605143864304 0.8517681239696031 44
1605143864322 0.8232657668295871 45
1605143864340 0.827606158310108 46
1605143864358 0.8539705530981 47
1605143864376 0.8358667620112387 48
1605143864394 0.8751502251357175 49
1605143864412 0.844100978937042 50
