1605143862820 0.14695264047451234 1
1605143862836 0.12693321169092414 2
1605143862850 0.11325660381424293 3
1605143862864 0.13285455543003724 4
1605143862877 0.1349580529030789 5
1605143862891 0.13000554750474652 6
1605143862905 0.11732046624247948 7
1605143862920 0.13907803846209238 8
1605143862933 0.11780595210161102 9
1605143862947 0.1442209944296419 10
1605143862960 0.15073597129811062 11
1605143862974 0.14045042268345864 12
1605143862990 0.16757070850790218 13
1605143863004 0.1768739853012428 14
1605143863018 0.18729721813389424 15
1605143863032 0.19954839114392742 16
1605143863047 0.21621455369370707 17
1605143863068 0.204835435647643 18
1605143863086 0.21014339870281434 19
1605143863100 0.23241877957676235 20
1605143863114 0.24279474776782348 21
1605143863129 0.23323999797360281 22
1605143863142 0.2496968847647142 23
1605143863156 0.25735528482479997 24
1605143863170 0.2871868931845333 25
1605143863184 0.28747635878873673 26
1605143863197 0.2869904315873478 27
1605143863211 0.3146717749284894 28
1605143863225 0.28264237253853447 29
1605143863239 0.3089535544427593 30
1605143863253 0.31818123747793475 31
1605143863267 0.3078592697556099 32
1605143863281 0.341810709974739 33
1605143863294 0.36259080051036363 34
1605143863308 0.3487149115358846 35
1605143863321 0.35210708955700476 36
1605143863335 0.3415011100554734 37
1605143863349 0.3588093271416225 38
1605143863363 0.3631020164891575 39
1605143863377 0.39920634048038656 40
1605143863391 0.3647880286313175 41
1605143863405 0.39612169480055903 42
1605143863419 0.3846130237150728 43
1605143863433 0.43671858310699463 44
1605143863447 0.39929258823394775 45
1605143863460 0.38513979215300487 46
1605143863474 0.42467431807785894 47
1605143863488 0.4341749234145947 48
1605143863501 0.4380190908239129 49
1605143863515 0.41190420576695647 50
