1579415162467 0.38342696 1
1579415162483 0.61657304 2
1579415162500 0.38202247 3
1579415162521 0.6179775 4
1579415162540 0.4508427 5
1579415162559 0.61376405 6
1579415162581 0.375 7
1579415162602 0.63623595 8
1579415162624 0.6292135 9
1579415162643 0.630618 10
1579415162659 0.6320225 11
1579415162674 0.6235955 12
1579415162689 0.625 13
1579415162705 0.6235955 14
1579415162720 0.6264045 15
1579415162734 0.6235955 16
1579415162747 0.6207865 17
1579415162761 0.625 18
1579415162779 0.6207865 19
1579415162795 0.619382 20
1579415162813 0.6207865 21
1579415162829 0.6264045 22
1579415162844 0.6179775 23
1579415162858 0.6207865 24
1579415162871 0.6179775 25
1579415162884 0.622191 26
1579415162896 0.6235955 27
1579415162909 0.619382 28
1579415162922 0.6179775 29
1579415162934 0.6235955 30
1579415162947 0.61657304 31
1579415162961 0.619382 32
1579415162973 0.6151685 33
1579415162986 0.6151685 34
1579415162999 0.6207865 35
1579415163012 0.619382 36
1579415163025 0.61657304 37
