1579415164086 0.5543147 1
1579415164100 0.0 2
1579415164113 0.5519348 3
1579415164126 0.028571425 4
1579415164139 0.50317657 5
1579415164152 0.09240922 6
1579415164164 0.544524 7
1579415164178 0.29810295 8
1579415164192 0.11999999 9
1579415164207 0.12040132 10
1579415164220 0.09655172 11
1579415164233 0.07586206 12
1579415164247 0.08247422 13
1579415164260 0.08843537 14
1579415164275 0.06993006 15
1579415164290 0.05633802 16
1579415164307 0.075342454 17
1579415164321 0.04982206 18
1579415164334 0.042553186 19
1579415164347 0.02867383 20
1579415164361 0.062499993 21
1579415164373 0.06993006 22
1579415164386 0.042253517 23
1579415164399 0.055944044 24
1579415164413 0.042253517 25
1579415164429 0.04946996 26
1579415164443 0.05633802 27
1579415164456 0.0491228 28
1579415164470 0.068493135 29
1579415164483 0.06293706 30
1579415164497 0.035335682 31
1579415164510 0.035587184 32
1579415164523 0.03521126 33
1579415164536 0.048611104 34
1579415164550 0.049295764 35
1579415164564 0.035587184 36
1579415164577 0.01444043 37
