1579415163527 0.38342696 1
1579415163540 0.0 2
1579415163553 0.3822285 3
1579415163567 0.5714286 4
1579415163580 0.385214 5
1579415163595 0.46666667 6
1579415163615 0.3778409 7
1579415163634 0.5729167 8
1579415163654 0.6666667 9
1579415163674 0.6923077 10
1579415163696 0.8235294 11
1579415163721 0.64705884 12
1579415163740 0.6666667 13
1579415163757 0.61904764 14
1579415163775 0.7692308 15
1579415163791 0.72727275 16
1579415163807 0.57894737 17
1579415163821 0.875 18
1579415163834 0.6666667 19
1579415163847 0.6666667 20
1579415163860 0.6 21
1579415163874 0.7692308 22
1579415163887 0.54545456 23
1579415163900 0.61538464 24
1579415163914 0.54545456 25
1579415163927 0.7 26
1579415163940 0.72727275 27
1579415163953 0.5833333 28
1579415163967 0.5263158 29
1579415163980 0.6923077 30
1579415163993 0.5 31
1579415164008 0.625 32
1579415164021 0.45454547 33
1579415164034 0.46666667 34
1579415164047 0.6363636 35
1579415164060 0.625 36
1579415164073 0.5 37
