1579415163037 1.0 1
1579415163050 0.0 2
1579415163063 0.992674 3
1579415163076 0.014652015 4
1579415163089 0.72527474 5
1579415163101 0.051282052 6
1579415163115 0.974359 7
1579415163128 0.2014652 8
1579415163140 0.06593407 9
1579415163153 0.06593407 10
1579415163166 0.051282052 11
1579415163179 0.04029304 12
1579415163192 0.043956045 13
1579415163206 0.04761905 14
1579415163218 0.03663004 15
1579415163231 0.02930403 16
1579415163245 0.04029304 17
1579415163257 0.025641026 18
1579415163271 0.021978023 19
1579415163287 0.014652015 20
1579415163302 0.032967035 21
1579415163315 0.03663004 22
1579415163328 0.021978023 23
1579415163341 0.02930403 24
1579415163354 0.021978023 25
1579415163367 0.025641026 26
1579415163380 0.02930403 27
1579415163392 0.025641026 28
1579415163405 0.03663004 29
1579415163418 0.032967035 30
1579415163431 0.01831502 31
1579415163446 0.01831502 32
1579415163461 0.01831502 33
1579415163475 0.025641026 34
1579415163488 0.025641026 35
1579415163501 0.01831502 36
1579415163515 0.0073260074 37
