1605143934452 0.6165730337078652 1
1605143934466 0.6151685393258427 2
1605143934479 0.6179775280898876 3
1605143934492 0.6179775280898876 4
1605143934506 0.6137640449438202 5
1605143934520 0.6137640449438202 6
1605143934533 0.6235955056179775 7
1605143934547 0.6221910112359551 8
1605143934560 0.6179775280898876 9
1605143934573 0.625 10
1605143934587 0.6376404494382022 11
1605143934600 0.6390449438202247 12
1605143934614 0.6376404494382022 13
1605143934629 0.6460674157303371 14
1605143934645 0.6601123595505618 15
1605143934659 0.6615168539325843 16
1605143934673 0.6713483146067416 17
1605143934687 0.6643258426966292 18
1605143934700 0.6699438202247191 19
1605143934714 0.6657303370786517 20
1605143934727 0.6952247191011236 21
1605143934740 0.6811797752808989 22
1605143934754 0.6924157303370787 23
1605143934768 0.6910112359550562 24
1605143934781 0.7106741573033708 25
1605143934795 0.6966292134831461 26
1605143934808 0.7050561797752809 27
1605143934822 0.7162921348314607 28
1605143934835 0.7036516853932584 29
1605143934849 0.7191011235955056 30
1605143934862 0.7176966292134831 31
1605143934876 0.7289325842696629 32
1605143934890 0.7176966292134831 33
1605143934903 0.7064606741573034 34
1605143934917 0.7162921348314607 35
1605143934930 0.7247191011235955 36
1605143934944 0.723314606741573 37
1605143934958 0.726123595505618 38
1605143934971 0.7401685393258427 39
1605143934985 0.7345505617977528 40
1605143934998 0.7387640449438202 41
1605143935012 0.7401685393258427 42
1605143935026 0.7373595505617978 43
1605143935041 0.7443820224719101 44
1605143935055 0.7485955056179775 45
1605143935073 0.7514044943820225 46
1605143935087 0.7443820224719101 47
1605143935101 0.75 48
1605143935115 0.7485955056179775 49
1605143935130 0.7556179775280899 50
