1605143936646 0.0 1
1605143936664 0.0 2
1605143936682 0.008560727151592127 3
1605143936699 0.0064205453636940945 4
1605143936717 0.0 5
1605143936734 0.015306952964054064 6
1605143936751 0.034384650460789715 7
1605143936767 0.04209842306844304 8
1605143936785 0.04156176025947828 9
1605143936802 0.0768769791956698 10
1605143936818 0.13893645198157664 11
1605143936832 0.1424141251639034 12
1605143936846 0.14143860574518696 13
1605143936860 0.164531574490365 14
1605143936874 0.2422089409292414 15
1605143936889 0.22651556971367826 16
1605143936903 0.29674116379759286 17
1605143936917 0.27771178122316853 18
1605143936932 0.28761749321155333 19
1605143936949 0.28694454203830677 20
1605143936963 0.37774337677473435 21
1605143936978 0.34156581859910085 22
1605143936995 0.3668874770068051 23
1605143937012 0.3846965184372463 24
1605143937029 0.4243529566218344 25
1605143937045 0.399183183573605 26
1605143937062 0.40739782338731745 27
1605143937079 0.4484081268310547 28
1605143937096 0.4250375410813964 29
1605143937113 0.4576353732119785 30
1605143937131 0.44515574916025225 31
1605143937148 0.4867148037706868 32
1605143937165 0.46008574962615967 33
1605143937182 0.42392919237694043 34
1605143937198 0.4533700514375494 35
1605143937213 0.4824034417613169 36
1605143937228 0.5019155727343613 37
1605143937242 0.4987189501858829 38
1605143937258 0.528781722100933 39
1605143937275 0.5208257296112146 40
1605143937292 0.5308035150002898 41
1605143937309 0.5235836653227217 42
1605143937323 0.5088971702570326 43
1605143937337 0.5425023811586788 44
1605143937352 0.5571409303150819 45
1605143937369 0.5645049716649431 46
1605143937386 0.5419914106304726 47
1605143937403 0.5658016452628575 48
1605143937418 0.5498935131544478 49
1605143937433 0.5877913095977869 50
