1605143935862 0.0 1
1605143935876 0.0 2
1605143935890 0.08988762973399644 3
1605143935904 0.08988762973399644 4
1605143935917 0.0 5
1605143935931 0.1797752594679929 6
1605143935945 0.32584267385889976 7
1605143935959 0.3146067201421502 8
1605143935974 0.449438159385424 9
1605143935988 0.35420008723655444 10
1605143936002 0.7265917504771372 11
1605143936016 0.7318351871511909 12
1605143936031 0.6950240550416239 13
1605143936046 0.7340823880742106 14
1605143936059 0.8112359569313821 15
1605143936079 0.8808988614028759 16
1605143936094 0.8253611580709393 17
1605143936108 0.793151416135638 18
1605143936123 0.7884008683515399 19
1605143936137 0.8138755184880803 20
1605143936152 0.8713037297966775 21
1605143936166 0.8239433403765217 22
1605143936180 0.8222903240932508 23
1605143936194 0.7967151550764449 24
1605143936208 0.8078311212946859 25
1605143936225 0.7953986157192273 26
1605143936242 0.8503299482752767 27
1605143936259 0.8521847724914551 28
1605143936276 0.8318335916219133 29
1605143936293 0.8643591162863742 30
1605143936309 0.8076738587925943 31
1605143936326 0.8720337782013282 32
1605143936343 0.8283930842796069 33
1605143936359 0.8361593565244353 34
1605143936376 0.8721208934033855 35
1605143936393 0.8439450692594721 36
1605143936410 0.8117315367366491 37
1605143936429 0.8280655668022927 38
1605143936446 0.8493484218468826 39
1605143936463 0.8186931690473235 40
1605143936483 0.8429488224929638 41
1605143936500 0.8389072525367308 42
1605143936517 0.8648107011666458 43
1605143936533 0.8472931626137723 44
1605143936550 0.8286106131050024 45
1605143936567 0.8426545804805969 46
1605143936583 0.8457810637656222 47
1605143936599 0.8473449449860648 48
1605143936614 0.8589537813422385 49
1605143936630 0.8247258850697721 50
