1605143935146 0.0 1
1605143935162 0.0 2
1605143935179 0.004494382089443421 3
1605143935195 0.0033291718933019746 4
1605143935212 0.0 5
1605143935228 0.007993960313582689 6
1605143935246 0.01840789147307364 7
1605143935262 0.023063749074935913 8
1605143935278 0.021936865335100152 9
1605143935294 0.045084522011574736 10
1605143935308 0.07889870344922784 11
1605143935322 0.08147723822111494 12
1605143935336 0.08153404178244344 13
1605143935349 0.0943848979607057 14
1605143935363 0.14439571807893475 15
1605143935377 0.13670152928052323 16
1605143935390 0.18283687850062766 17
1605143935404 0.17097970408000304 18
1605143935417 0.18269825684890317 19
1605143935431 0.17620529050237677 20
1605143935445 0.24708903907390123 21
1605143935459 0.22771449571245173 22
1605143935473 0.23926694540495283 23
1605143935489 0.2570312599117836 24
1605143935502 0.29615107982346184 25
1605143935516 0.2705898150969087 26
1605143935530 0.27247920264019054 27
1605143935544 0.31120300025082703 28
1605143935557 0.29320823828156073 29
1605143935571 0.31912890846809644 30
1605143935585 0.31495697444744325 31
1605143935599 0.3432834831516394 32
1605143935612 0.3229447462585535 33
1605143935628 0.29173232866137216 34
1605143935642 0.3146459945801939 35
1605143935656 0.34553388832660203 36
1605143935670 0.37019086419866326 37
1605143935683 0.3638127640392003 38
1605143935697 0.39141517006949095 39
1605143935711 0.38574926873271387 40
1605143935725 0.3905840127655629 41
1605143935738 0.38779150769951637 42
1605143935752 0.374425647633799 43
1605143935766 0.40473513388901616 44
1605143935780 0.4240894197078233 45
1605143935794 0.4320322754008047 46
1605143935807 0.4047656943289082 47
1605143935821 0.4286118859655402 48
1605143935834 0.40981818317027574 49
1605143935848 0.4637666666105892 50
